   1.500000      7.737667326108970E-002  1.726706368205486E-002
   1.550000      8.325024771787674E-002  2.002848388962375E-002
   1.600000      8.126657923525865E-002  1.899779926269556E-002
   1.650000      8.521939922957460E-002  2.164922592818239E-002
   1.700000      8.818589748498945E-002  2.521074468803145E-002
   1.750000      8.638764109672882E-002  2.379091600825190E-002
   1.800000      8.525277742706415E-002  2.181684273014742E-002
   1.850000      9.333738388070971E-002  2.168008806299867E-002
   1.900000      9.207276817764801E-002  2.565524267603319E-002
   1.950000      8.841393450018611E-002  2.237717899258318E-002
   2.000000      8.586226629803992E-002  2.397363159936833E-002
