  -1.35239300000000       0.703981383711079             4037
  -4.21423900000000       0.701862146003249             4038
  -4.73194000000000       1.617497257097130E-002        4039
  -4.81638700000000       3.207446589739414E-003        4040
  -4.88178900000000       6.111622432016687E-003        4041
  -4.88650300000000       7.429694146956423E-003        4042
  -4.88657300000000       7.269559470645705E-003        4043
  -4.88657300000000       7.277001489579498E-003        4044
  -4.88660300000000       7.472017539245970E-003        4045
  -4.88669400000000       8.065387076268445E-003        4046
  -4.88687600000000       9.322735090940221E-003        4047
  -4.88723900000000       1.210245606007137E-002        4048
  -4.88793600000000       1.872720860021319E-002        4049
  -4.88903300000000       3.611054018865106E-002        4050
  -4.89029600000000       8.633291100238004E-002        4051
  -4.89016000000000       6.233742677577827E-002        4052
  -4.89040100000000       7.560953800929122E-002        4053
  -4.89046900000000       7.698387434307775E-002        4054
  -4.89063100000000       8.116550391784247E-002        4055
  -4.89075500000000       8.983633051597195E-002        4056
  -4.89081500000000       8.885108399486666E-002        4057
  -4.89096300000000       8.591618180058513E-002        4058
