  -4.56019400000000       0.502982815553239             2691
  -4.78177000000000       0.501310347576056             2692
  -4.93414800000000       0.497853293043629             2693
  -4.93478500000000       0.497634173592072             2694
  -4.93481000000000       0.497990446851951             2695
  -4.94182200000000       0.499720849969556             2696
  -4.95405200000000       0.501782406874174             2697
  -4.95594100000000       0.477459854353216             2698
  -4.95609800000000       0.478187895232408             2699
  -4.96178000000000       0.483177397848939             2700
  -4.97180800000000       0.484971774619675             2701
  -4.95418500000000       0.511821012192702             2702
  -4.97218800000000       0.486956895550775             2703
  -4.97828500000000       0.495161793494172             2704
  -4.99271600000000       0.519683338987300             2705
  -5.00175800000000       0.547821707600537             2706
  -5.00947600000000       0.550840067045621             2707
  -5.01111000000000       0.551997836641411             2708
  -5.01571800000000       0.551545518895295             2709
  -5.01587000000000       0.551618267307889             2710
  -5.01856400000000       0.549750936194248             2711
  -5.01927800000000       0.547728970797366             2712
  -5.02014000000000       0.545962812166237             2713
  -5.02041200000000       0.543403481315772             2714
  -5.02059300000000       0.544324965569897             2715
  -5.02108400000000       0.543533880502681             2716
  -5.02121400000000       0.543018848044470             2717
  -5.02136800000000       0.542857802836299             2718
  -5.02143300000000       0.542687871438868             2719
  -5.02143700000000       0.542770032710458             2720
  -5.02153300000000       0.542623853345585             2721
