  -4.34504500000000       0.698120425661170             4099
  -4.68140300000000       0.698605187082407             4100
  -4.86462900000000       0.696820522567712             4101
  -4.86613000000000       0.697069736531920             4102
  -4.86627300000000       0.697178201144767             4103
  -4.86627200000000       0.696723207031127             4104
  -4.86987700000000       0.694846881008291             4105
  -4.87899100000000       0.689384866295956             4106
  -4.89165100000000       0.674006079690585             4107
  -4.89747600000000       0.675454747321090             4108
  -4.89877000000000       0.676596120609870             4109
  -4.90037100000000       0.675947054964716             4110
  -4.90189200000000       0.673380884899754             4111
  -4.90196400000000       0.673255472944515             4112
  -4.90209900000000       0.672314356942586             4113
  -4.90211200000000       0.672494007663622             4114
