  -4.40369000000000       0.793094614976154             2029
  -4.79671500000000       0.591228696457963             2030
  -4.94626700000000       0.658530153346050             2031
  -4.96326800000000       0.654219190392766             2032
  -4.96453600000000       0.652779613872169             2033
  -4.96453300000000       0.653053454420685             2034
  -4.96701100000000       0.600850623841109             2035
  -4.97428200000000       0.602812431467465             2036
  -4.98754000000000       0.712088374018729             2037
  -5.00744800000000       0.654347256023598             2038
  -4.96763200000000       0.466797972935115             2039
  -5.00923100000000       0.705431533845142             2040
  -5.01146300000000       0.701607019236817             2041
  -5.01227000000000       0.701479742469260             2042
  -5.01287700000000       0.702432552343959             2043
  -5.01311600000000       0.705237743100418             2044
  -5.01337500000000       0.706638414438512             2045
