  -1.59418400000000       0.575989669173864              262
  -4.27633700000000       0.597797343709998              263
  -4.70215400000000       0.638989380111503              264
  -4.85043400000000       0.630087536392746              265
  -4.86974600000000       0.627238721682126              266
  -4.87086400000000       0.627435647402957              267
  -4.87087500000000       0.627451576338464              268
  -4.87087600000000       0.625749536731426              269
  -4.87102100000000       0.620682267151285              270
  -4.87177100000000       0.610728587000816              271
  -4.87294500000000       0.591581389079263              272
  -4.87416700000000       0.556558610716558              273
  -4.87525900000000       0.500427440151473              274
  -4.87442000000000       0.835417890641292              275
  -4.87254600000000       0.466241074885900              276
  -4.88114500000000       0.473836076143249              277
  -4.88189100000000       0.468313625741099              278
  -4.88191300000000       0.471506984193512              279
  -4.88197000000000       0.472098968759279              280
  -4.88199300000000       0.472869305931369              281
  -4.88234100000000       0.473828687911229              282
  -4.88249400000000       0.473828687911229              283
