  -4.74876600000000       0.672874660059812              337
  -4.90021400000000       0.672874660059812              338
  -5.02002200000000       0.672874660059812              339
  -5.02289300000000       0.672874660059812              340
  -5.02333300000000       0.672874660059812              341
  -5.02339800000000       0.672874660059812              342
  -5.02339500000000       0.672874660059812              343
  -5.02968900000000       0.672874660059812              344
  -5.04247900000000       0.672874660059812              345
  -5.01979500000000       0.672874660059812              346
  -5.04442900000000       0.672874660059812              347
  -5.04443300000000       0.672874660059812              348
  -5.04525600000000       0.672874660059812              349
  -5.04536500000000       0.672874660059812              350
  -5.04537500000000       0.672874660059812              351
  -5.04544100000000       0.672874660059812              352
