  -4.70221300000000       0.321236319317920              125
  -4.12924100000000       0.326916779184215              126
  -4.76515900000000       0.315828279824075              127
  -4.78502400000000       0.322237193381094              128
  -4.81747500000000       0.320114539779533              129
  -4.82102200000000       0.320694470379188              130
  -4.82120900000000       0.321371017108186              131
  -4.82954900000000       0.323378224176909              132
  -4.84815500000000       0.326781217435886              133
  -4.85592600000000       0.325986287462987              134
  -4.85730000000000       0.327087199979883              135
  -4.86299500000000       0.327744093116952              136
  -4.86540400000000       0.328620341891484              137
  -4.86752700000000       0.328620341891484              138
