  -4.50482900000000       0.530446616865487              651
  -4.93590100000000       0.529217598100098              652
  -5.02419600000000       0.529417630963824              653
  -5.07117900000000       0.529488527756664              654
  -5.07511700000000       0.529464044840633              655
  -5.07516500000000       0.529465997613459              656
  -5.07516800000000       0.529366124142093              657
  -5.07581300000000       0.529208322958609              658
  -5.07789700000000       0.529445803903703              659
  -5.08242200000000       0.531327223022318              660
  -5.08085000000000       0.530007732895209              661
  -5.08377700000000       0.530181998377244              662
  -5.08432000000000       0.530518314465473              663
  -5.08519200000000       0.531260347576143              664
  -5.08664200000000       0.532767558858862              665
  -5.08886400000000       0.533154144941444              666
  -5.09211400000000       0.533963866374869              667
  -5.09699700000000       0.534017090655891              668
  -5.09702400000000       0.534001832149686              669
  -5.09703800000000       0.533966262966610              670
  -5.09739600000000       0.533923941811569              671
  -5.09755400000000       0.533923952915298              672
