  -4.32751800000000       0.682570309941006             1398
  -4.60641300000000       0.710726938365752             1399
  -4.81082600000000       0.558954997797502             1400
  -4.81379400000000       0.561116187625668             1401
  -4.81379600000000       0.561649609138346             1402
  -4.81378700000000       0.450439030988248             1403
  -4.81735300000000       0.445239232278966             1404
  -4.82494000000000       0.429162606370942             1405
  -4.82925800000000       0.392873060323254             1406
  -4.83446300000000       0.518437206103925             1407
  -4.83933200000000       0.485531704907557             1408
  -4.83889800000000       0.472606396283371             1409
  -4.84087100000000       0.497201501659747             1410
  -4.84755900000000       0.473706475620492             1411
  -4.85683900000000       0.470876372982035             1412
  -4.87089400000000       0.492390310437507             1413
  -4.86730200000000       0.566856592193742             1414
  -4.87473800000000       0.467768910316410             1415
  -4.87482500000000       0.472353916806465             1416
  -4.87551000000000       0.486335876759352             1417
  -4.88453000000000       0.489493912678657             1418
  -4.88527400000000       0.507729983821215             1419
  -4.88549400000000       0.518976303582769             1420
  -4.88934800000000       0.607449558742570             1421
  -4.89135100000000       0.536631748102400             1422
  -4.89136000000000       0.534322453448907             1423
  -4.89267100000000       0.528438127935597             1424
  -4.89511300000000       0.531708677293015             1425
  -4.89541700000000       0.533052809685120             1426
  -4.89601700000000       0.532066088643579             1427
  -4.89758800000000       0.530128940314256             1428
  -4.89990100000000       0.524594471800214             1429
  -4.90379100000000       0.538090512015296             1430
  -4.90847700000000       0.535602959377583             1431
  -4.91744900000000       0.510523348699765             1432
  -4.91837700000000       0.504153491445384             1433
  -4.91944500000000       0.505180111908209             1434
  -4.92103300000000       0.491677204749012             1435
  -4.92460900000000       0.472207778891994             1436
  -4.92385700000000       0.495693208006952             1437
  -4.92547200000000       0.488940040513436             1438
  -4.92950600000000       0.485863755991589             1439
  -4.93808500000000       0.491922318573368             1440
  -4.93667400000000       0.502619364751362             1441
  -4.94082700000000       0.498405963304437             1442
  -4.94083900000000       0.498955252106524             1443
  -4.94190600000000       0.501242190985176             1444
  -4.94442600000000       0.506581192589656             1445
  -4.94562000000000       0.513828826157465             1446
  -4.94592200000000       0.511623298107272             1447
  -4.94747200000000       0.513272184297296             1448
  -4.95100100000000       0.516754080497589             1449
  -4.95353300000000       0.525114281286307             1450
  -4.95474000000000       0.525370453012943             1451
  -4.95781800000000       0.527882880694113             1452
  -4.96152200000000       0.540152033440466             1453
  -4.96171100000000       0.546985653831026             1454
  -4.96174300000000       0.544807225663050             1455
  -4.96217200000000       0.542361596172163             1456
