  -4.39529100000000       0.883228259171678             2297
  -4.73533800000000       0.870914392077196             2298
  -4.92563000000000       0.847157724232312             2299
  -4.92717800000000       0.848767238979126             2300
  -4.92728100000000       0.849306386146425             2301
  -4.92728100000000       0.849347264555630             2302
  -4.92778000000000       0.848858867563023             2303
  -4.92914500000000       0.847288292023127             2304
  -4.93127700000000       0.844396779436350             2305
  -4.93315400000000       0.839000733036867             2306
  -4.93316500000000       0.839519128107667             2307
  -4.93340700000000       0.840461516857872             2308
  -4.93342400000000       0.841617504221072             2309
  -4.93357800000000       0.843487151073226             2310
  -4.93365500000000       0.844237057874168             2311
  -4.93388300000000       0.844459067600262             2312
  -4.93395200000000       0.844195719070170             2313
  -4.93417700000000       0.843074638685431             2314
  -4.93436700000000       0.843257474692443             2315
