  -4.19159500000000       0.699443741237318             3325
  -4.62854600000000       0.439956970501378             3326
  -4.82949400000000       0.579880944364775             3327
  -4.83693800000000       0.579723594905813             3328
  -4.83766200000000       0.579677509910529             3329
  -4.83766000000000       0.579942342705662             3330
  -4.84034200000000       0.545316267860744             3331
  -4.84705300000000       0.549716521957166             3332
  -4.85596900000000       0.570282813775222             3333
  -4.85090100000000       0.458827180871148             3334
  -4.85865100000000       0.562299472877876             3335
  -4.86408900000000       0.588485804076168             3336
  -4.86996800000000       0.597151145679504             3337
  -4.87397000000000       0.604815785253585             3338
  -4.87560500000000       0.621509722396450             3339
  -4.87376300000000       0.607904674708967             3340
  -4.87569100000000       0.607162870788043             3341
  -4.87571600000000       0.611618588750739             3342
  -4.87617000000000       0.611957881580597             3343
  -4.87617400000000       0.614825242939475             3344
  -4.87644900000000       0.618688769225180             3345
  -4.87679800000000       0.626850962050607             3346
  -4.87700100000000       0.629092739247991             3347
  -4.87713500000000       0.637027697133219             3348
  -4.87772500000000       0.653588696962731             3349
  -4.87758000000000       0.646579164518645             3350
  -4.87771400000000       0.641465939225096             3351
  -4.87783700000000       0.645603171835433             3352
  -4.87794900000000       0.649527670970473             3353
  -4.87807000000000       0.649310215881580             3354
