  -4.02793600000000       0.695469840715777              365
  -4.54146500000000       0.549547927216874              366
  -4.75984900000000       0.695668423215191              367
  -4.77241900000000       0.695658221259235              368
  -4.77310300000000       0.695657127568268              369
  -4.77311300000000       0.696396700897977              370
  -4.77448200000000       0.698236454388708              371
  -4.77831600000000       0.538512344034166              372
  -4.78763700000000       0.537611919775337              373
  -4.82501300000000       0.577604699478994              374
  -4.90762600000000       0.712152349758348              375
  -4.91724800000000       0.678522340472737              376
  -4.91139400000000       0.701392921610632              377
  -4.91864200000000       0.658016229418973              378
  -4.91815600000000       0.681645083955424              379
  -4.91924300000000       0.650691294397795              380
  -4.91966800000000       0.650691294397795              381
