  -4.23072700000000       0.875344530693430             4327
  -4.63736300000000       0.802894085676794             4328
  -4.81979400000000       0.807383523807224             4329
  -4.82678300000000       0.806058453537214             4330
  -4.82777500000000       0.804340901874143             4331
  -4.84991700000000       0.803142503836231             4332
  -4.88134000000000       0.819130225906677             4333
  -4.88345100000000       0.821463612431026             4334
  -4.88374000000000       0.822841136225740             4335
  -4.89080100000000       0.825396240449585             4336
  -4.89724800000000       0.849840462086892             4337
  -4.90350700000000       0.854727347047849             4338
  -4.91682700000000       0.867528929851160             4339
  -4.90986400000000       0.824245667179959             4340
  -4.92008100000000       0.820219637470092             4341
  -4.92458200000000       0.822780438597231             4342
  -4.92458300000000       0.824571437000468             4343
  -4.92752400000000       0.827462810681522             4344
  -4.92808200000000       0.828815129061231             4345
  -4.92811500000000       0.829521552660431             4346
  -4.92969500000000       0.830015189139038             4347
  -4.92991500000000       0.830698554443065             4348
  -4.93094900000000       0.831808310709473             4349
  -4.93096700000000       0.832310687203717             4350
  -4.93168000000000       0.834441855828342             4351
  -4.93190100000000       0.835659156630598             4352
  -4.93250300000000       0.836929344817089             4353
  -4.93327400000000       0.845692209140293             4354
  -4.93348300000000       0.846807689503257             4355
  -4.93404200000000       0.850673443588927             4356
  -4.93484300000000       0.858857933948483             4357
  -4.93582300000000       0.876769747908146             4358
  -4.93605000000000       0.877301960614382             4359
  -4.93669600000000       0.883122632950926             4360
  -4.93786000000000       0.887844440499545             4361
  -4.93891000000000       0.913399870609970             4362
  -4.94091300000000       0.914378747754101             4363
  -4.94519700000000       0.918668609560953             4364
  -4.94497100000000       0.944666503093033             4365
  -4.94663600000000       0.933932683865016             4366
  -4.94817600000000       0.933803818583905             4367
  -4.95126400000000       0.933605649090872             4368
  -4.95098400000000       0.933252894516730             4369
  -4.95221400000000       0.933751808495896             4370
  -4.95342800000000       0.935344143379441             4371
  -4.95582900000000       0.915811625050442             4372
  -4.95477200000000       0.903724561957347             4373
  -4.95638000000000       0.913754827432959             4374
  -4.95758200000000       0.910524601055207             4375
  -4.95804800000000       0.904627831739681             4376
  -4.95884100000000       0.897849028266749             4377
  -4.95885300000000       0.896848553964725             4378
  -4.95922300000000       0.896017672732991             4379
  -4.95931700000000       0.895444862468549             4380
  -4.95952400000000       0.894870751597281             4381
  -4.95954200000000       0.894796256017920             4382
  -4.95966900000000       0.894789531853372             4383
  -4.95967400000000       0.894741277574158             4384
  -4.95978500000000       0.895208407866479             4385
