  -4.24542400000000       0.614863444914118             1693
  -4.63331300000000       0.620845880388896             1694
  -4.82585300000000       0.581220240109924             1695
  -4.83011200000000       0.583421110144953             1696
  -4.83052600000000       0.606982750896974             1697
  -4.84174600000000       0.615815230245857             1698
  -4.85709700000000       0.617313483760892             1699
  -4.85765900000000       0.617411154484630             1700
  -4.85770600000000       0.617793718601773             1701
  -4.85898000000000       0.619925904921323             1702
  -4.86145300000000       0.625547494542941             1703
  -4.85839100000000       0.621691375941011             1704
  -4.86179500000000       0.621974265432807             1705
  -4.86269600000000       0.623941906602770             1706
  -4.86531100000000       0.629320506376659             1707
  -4.87029900000000       0.722168280300685             1708
  -4.87673300000000       0.715143022718360             1709
  -4.88079200000000       0.709973511352144             1710
  -4.88484200000000       0.696123237814015             1711
  -4.88518800000000       0.714038778344624             1712
  -4.88584500000000       0.711509858380414             1713
  -4.88557200000000       0.712326262585691             1714
  -4.88595500000000       0.712349837974736             1715
  -4.88621500000000       0.711730945990822             1716
  -4.88662800000000       0.709966167762131             1717
  -4.88658400000000       0.711547565548653             1718
  -4.88679200000000       0.710845208578482             1719
  -4.88721200000000       0.709270911635068             1720
  -4.88815300000000       0.704850219134676             1721
  -4.88935100000000       0.703364079328770             1722
  -4.88974000000000       0.701668972619756             1723
  -4.89041200000000       0.698096862310262             1724
  -4.89077500000000       0.699828611131489             1725
  -4.89084200000000       0.699083469540249             1726
  -4.89089000000000       0.699676152278643             1727
  -4.89143800000000       0.701423734147935             1728
  -4.89252800000000       0.705099925555278             1729
  -4.89248600000000       0.703859640091288             1730
  -4.89285300000000       0.703791534578418             1731
  -4.89285800000000       0.704919823192086             1732
  -4.89309200000000       0.704915287279791             1733
