  -4.39093900000000       0.626363442104832              518
  -4.87397000000000       0.620291962064688              519
  -4.99096200000000       0.624239211058515              520
  -5.03752600000000       0.625465598674473              521
  -5.04029500000000       0.625440219730751              522
  -5.04030100000000       0.628964271825229              523
  -5.04168400000000       0.638950909402622              524
  -5.04572600000000       0.655757582150343              525
  -5.05219400000000       0.672609539415855              526
  -5.05654200000000       0.672609896035816              527
