  -4.39222500000000       0.609012652873827             3416
  -4.66353000000000       0.622713510666164             3417
  -4.85515500000000       0.618270702071429             3418
  -4.85627500000000       0.618239225679878             3419
  -4.85631100000000       0.619939271485849             3420
  -4.86098900000000       0.624740496059270             3421
  -4.87148200000000       0.632554284050551             3422
  -4.87720000000000       0.626984564619646             3423
  -4.87773100000000       0.626760686812674             3424
  -4.87856200000000       0.623637189625998             3425
  -4.87934200000000       0.616941482859954             3426
  -4.87915400000000       0.616873823027698             3427
  -4.87953600000000       0.618503907531661             3428
  -4.87955500000000       0.617692334172202             3429
  -4.87977800000000       0.616397064502689             3430
  -4.87988600000000       0.615458067371152             3431
