  -4.41268800000000       0.648239432616038              734
  -4.77453000000000       0.648648525457207              735
  -4.96987200000000       0.649428914878754              736
  -4.97239400000000       0.649364652564984              737
  -4.97251000000000       0.649340765855724              738
  -4.98393300000000       0.650111583080193              739
  -5.00630900000000       0.652925032169225              740
  -5.01131400000000       0.659610892376550              741
  -5.01610700000000       0.656879351345057              742
  -5.02388800000000       0.658922103263005              743
  -5.02652200000000       0.660796432651339              744
  -5.03067000000000       0.662463090981821              745
  -5.04079800000000       0.667010753612366              746
  -5.04363500000000       0.672210577627243              747
  -5.04580700000000       0.670278516767894              748
  -5.04982600000000       0.671414505653813              749
  -5.05178100000000       0.672290928354270              750
  -5.05181300000000       0.672374652193680              751
  -5.05281100000000       0.672571226404846              752
  -5.05287200000000       0.672618429559543              753
  -5.05332300000000       0.672723108632791              754
  -5.05357800000000       0.672821196168099              755
