  -4.63614700000000       0.532167211267241             1552
  -4.90677800000000       0.532190496539264             1553
  -5.06977700000000       0.531793437164995             1554
  -5.06992900000000       0.531798931008488             1555
  -5.06997500000000       0.531673645630218             1556
  -5.03709500000000       0.531993507989045             1557
  -5.07001000000000       0.531758022596165             1558
  -5.06716400000000       0.531867250105411             1559
  -5.07005000000000       0.531800362485754             1560
  -5.07007800000000       0.531803483811597             1561
  -5.07006800000000       0.531854264473354             1562
  -5.07846500000000       0.532077131879616             1563
  -5.09334800000000       0.532318773260576             1564
  -5.09351600000000       0.532362636057277             1565
  -5.09356700000000       0.532341514959446             1566
  -5.09362300000000       0.532327146929769             1567
  -5.09362900000000       0.532335397380312             1568
  -5.09363600000000       0.532340383831655             1569
  -5.09429200000000       0.532500459083972             1570
  -5.09501100000000       0.532779128636205             1571
  -5.09506900000000       0.532881508421828             1572
  -5.09572700000000       0.533131741369028             1573
  -5.09700200000000       0.533695783023586             1574
  -5.09630200000000       0.534098381681513             1575
  -5.09725300000000       0.533930962266585             1576
  -5.09787200000000       0.533998762294412             1577
  -5.09851800000000       0.534093412130071             1578
