  -4.39539200000000       0.789636297321294             1148
  -4.72310000000000       0.784037402086505             1149
  -4.91940700000000       0.756259093237372             1150
  -4.91923900000000       0.755685280048758             1151
  -4.91914300000000       0.752888352822728             1152
  -4.93864900000000       0.756508637078549             1153
  -4.96083000000000       0.774961334470792             1154
  -4.96227900000000       0.779006365965335             1155
  -4.96237000000000       0.780041757907636             1156
  -4.96749900000000       0.782515120814328             1157
  -4.97166000000000       0.785031547231265             1158
  -4.97195400000000       0.785383966185047             1159
