  -4.28348600000000       0.837405512346927             2134
  -4.57666000000000       0.819634378923707             2135
  -4.76360000000000       0.809450931883487             2136
  -4.76372000000000       0.808693651662172             2137
  -4.76319700000000       0.809162326408282             2138
  -4.79784300000000       0.811457005758161             2139
  -4.83333700000000       0.810682384073338             2140
  -4.84147100000000       0.810629603404483             2141
  -4.84981900000000       0.812070287156531             2142
  -4.84984400000000       0.812129167090348             2143
  -4.85180800000000       0.812341450932513             2144
  -4.85537500000000       0.812132209564978             2145
  -4.85185700000000       0.813706532606581             2146
  -4.85589500000000       0.813162274015272             2147
  -4.85739800000000       0.810870247422089             2148
  -4.85974300000000       0.807546059723585             2149
  -4.86091800000000       0.804890423109424             2150
  -4.86383600000000       0.798751950259209             2151
  -4.86566400000000       0.793331060051790             2152
  -4.86582500000000       0.794634023052657             2153
  -4.86666100000000       0.792219609028445             2154
  -4.86866600000000       0.787045757120634             2155
  -4.87054800000000       0.764849786219132             2156
  -4.87443800000000       0.741311195060363             2157
  -4.88070500000000       0.740672641769867             2158
  -4.88096800000000       0.740277024259443             2159
  -4.88774300000000       0.718638627021472             2160
  -4.90439100000000       0.715696587139413             2161
  -4.85561500000000       0.769088370215934             2162
  -4.90596600000000       0.733517580055655             2163
  -4.91051400000000       0.739390672433495             2164
  -4.91052700000000       0.732020114264771             2165
  -4.91291000000000       0.732793803249808             2166
  -4.91392700000000       0.733798923208549             2167
  -4.91583300000000       0.734199156804033             2168
  -4.91613500000000       0.733737112158110             2169
  -4.91646900000000       0.734931310847470             2170
  -4.91741000000000       0.734728783806617             2171
  -4.91745300000000       0.735141363078110             2172
  -4.91816300000000       0.749885124980119             2173
  -4.91827900000000       0.749802252509947             2174
  -4.91891900000000       0.751027946266485             2175
  -4.91943900000000       0.752259609518156             2176
  -4.91975800000000       0.753042005541822             2177
  -4.92059600000000       0.767258676085443             2178
  -4.92196300000000       0.764731491351787             2179
  -4.92231700000000       0.770673635949353             2180
  -4.92274900000000       0.772667586790817             2181
  -4.92355900000000       0.770138973269113             2182
  -4.92564800000000       0.754367546199997             2183
  -4.92601300000000       0.752307186201781             2184
  -4.92678500000000       0.753975365423114             2185
  -4.92867600000000       0.732055457961495             2186
  -4.93232100000000       0.729106301435946             2187
  -4.93130400000000       0.734538953651589             2188
  -4.93317500000000       0.732144655192600             2189
  -4.93448900000000       0.731066055859845             2190
  -4.93538800000000       0.755080708288632             2191
  -4.93644700000000       0.753662683064582             2192
