  -4.36537900000000       0.828014986900847             5728
  -4.73944600000000       0.834401574087200             5729
  -4.92433200000000       0.836414657194637             5730
  -4.92843500000000       0.836900540691473             5731
  -4.92888700000000       0.836327150108143             5732
  -4.93158900000000       0.834188673407205             5733
  -4.93785300000000       0.821595345717908             5734
  -4.94375700000000       0.821656890461675             5735
  -4.94697100000000       0.812526329385040             5736
  -4.94896400000000       0.809919639190885             5737
  -4.94902300000000       0.800650754937352             5738
  -4.95179800000000       0.781790527712774             5739
  -4.95463700000000       0.701427918397679             5740
  -4.95513600000000       0.711035965759562             5741
  -4.95869800000000       0.708924799645882             5742
  -4.96427600000000       0.624551662340409             5743
  -4.97437700000000       0.625890512286569             5744
  -4.94343200000000       0.744274155331736             5745
  -4.97679800000000       0.636449448138363             5746
  -4.97772600000000       0.636646068872635             5747
  -4.97840400000000       0.644535446196095             5748
  -4.97899500000000       0.641599914426368             5749
  -4.98329900000000       0.646149780655241             5750
  -4.98749200000000       0.656961205492248             5751
  -4.98956200000000       0.661633076199360             5752
  -4.98998500000000       0.664871545280272             5753
  -4.99030300000000       0.664454938311081             5754
  -4.99048900000000       0.664140090774001             5755
