  -4.45872300000000       0.417611125621109             1846
  -4.69650900000000       0.417064935316980             1847
  -4.87281600000000       0.410185595630253             1848
  -4.87482600000000       0.409729586949654             1849
  -4.87510200000000       0.408852378790035             1850
  -4.87950600000000       0.407268710222443             1851
  -4.88946100000000       0.405443740363706             1852
  -4.89513200000000       0.409114403679922             1853
  -4.90078600000000       0.413187953857771             1854
  -4.90335900000000       0.421148126685509             1855
  -4.90833300000000       0.427161778886805             1856
  -4.91725400000000       0.367452158043034             1857
  -4.91800600000000       0.377774038363919             1858
  -4.92150800000000       0.384794249685201             1859
  -4.92155300000000       0.389319664442580             1860
  -4.92487100000000       0.402045826664513             1861
  -4.92520400000000       0.354528217191228             1862
  -4.92571300000000       0.405166417653975             1863
  -4.92791000000000       0.360695336409249             1864
  -4.93140700000000       0.385558986299431             1865
  -4.93294200000000       0.389309957573829             1866
  -4.93427500000000       0.402175927111854             1867
  -4.93568100000000       0.408255456161431             1868
  -4.93954800000000       0.428337158006299             1869
  -4.94289100000000       0.522090759729430             1870
  -4.94578100000000       0.537685917845722             1871
  -4.95043300000000       0.565709777729515             1872
  -4.95344600000000       0.570977312609759             1873
  -4.95386000000000       0.572336294114058             1874
  -4.95717600000000       0.571701338696309             1875
  -4.95927500000000       0.559817283989545             1876
  -4.96060300000000       0.555250640846977             1877
  -4.96071400000000       0.556088221764877             1878
  -4.96146300000000       0.555314087446267             1879
  -4.96152500000000       0.555360499733145             1880
  -4.96189500000000       0.555579311411768             1881
  -4.96210800000000       0.555277885893498             1882
  -4.96231400000000       0.555227268939847             1883
  -4.96231500000000       0.555054818426265             1884
  -4.96245800000000       0.555296989287685             1885
  -4.96251200000000       0.555790312577129             1886
  -4.96262300000000       0.556258301483294             1887
