  -4.42758000000000       0.658760797915176             4593
  -4.71977000000000       0.557318012050534             4594
  -4.90149600000000       0.572009386659098             4595
  -4.90151900000000       0.572062964083573             4596
  -4.90152200000000       0.547514781231591             4597
  -4.90870800000000       0.542348594489669             4598
  -4.92068600000000       0.543629493375252             4599
  -4.92194600000000       0.544467488556313             4600
  -4.92200800000000       0.545030052200438             4601
  -4.92455300000000       0.546193139833044             4602
  -4.92731700000000       0.549631314949855             4603
  -4.92908100000000       0.553824667994739             4604
  -4.93224300000000       0.534607557792187             4605
  -4.93247100000000       0.533541358173441             4606
  -4.93462100000000       0.530572783323764             4607
  -4.93918200000000       0.524789349167390             4608
  -4.94013600000000       0.491284470908396             4609
  -4.94097000000000       0.578628356524915             4610
  -4.94413100000000       0.537734988580019             4611
  -4.94574600000000       0.490670555685844             4612
  -4.94798200000000       0.491826622447915             4613
  -4.95340300000000       0.499274035702358             4614
  -4.95707200000000       0.520721111669161             4615
  -4.95904900000000       0.524374042800313             4616
  -4.96344200000000       0.532629019321646             4617
  -4.96419300000000       0.534755785051844             4618
  -4.96522500000000       0.535940085175103             4619
  -4.96949300000000       0.536873215320350             4620
  -4.97573300000000       0.537183506870345             4621
  -4.97628100000000       0.536103065131806             4622
  -4.97862900000000       0.537677546984219             4623
  -4.98308600000000       0.543339449666569             4624
  -4.98385500000000       0.562910428920923             4625
  -4.98509000000000       0.555185775957759             4626
  -4.98648000000000       0.557036003883227             4627
  -4.99009800000000       0.562733469672285             4628
  -4.99466200000000       0.573637607999812             4629
  -4.99145900000000       0.561202338413253             4630
  -4.99548000000000       0.579623359022667             4631
  -4.99948300000000       0.583809910144785             4632
  -5.00275500000000       0.566236650791767             4633
  -5.00539200000000       0.553613360803134             4634
  -5.01127100000000       0.575525827110650             4635
  -5.00912900000000       0.600429147189204             4636
  -5.01299900000000       0.587893687863188             4637
  -5.01545900000000       0.596531076113705             4638
  -5.01945800000000       0.612356966325536             4639
  -5.01957200000000       0.663801845204689             4640
  -5.02299000000000       0.669737118661203             4641
  -5.02999100000000       0.684820455842939             4642
  -5.02810300000000       0.695173957405612             4643
  -5.03191500000000       0.693911175996193             4644
  -5.03514300000000       0.702293511956906             4645
  -5.03551700000000       0.706290037818730             4646
  -5.03907900000000       0.719684069660439             4647
  -5.04367300000000       0.745697633248018             4648
  -5.04731900000000       0.756739845647340             4649
  -5.04842600000000       0.762940536249599             4650
  -5.04849100000000       0.764226366069262             4651
