  -4.14887900000000       0.784989194602956             2375
  -4.56137600000000       0.744646057453219             2376
  -4.77395600000000       0.678100548319932             2377
  -4.77726700000000       0.680104994752360             2378
  -4.77765600000000       0.684594709450384             2379
  -4.78538200000000       0.696973861797617             2380
  -4.80293900000000       0.697552681497397             2381
  -4.81828200000000       0.738539982717783             2382
  -4.81939400000000       0.721221291415508             2383
  -4.82954900000000       0.779479775488531             2384
  -4.84183700000000       0.776675234411417             2385
  -4.84919400000000       0.764442166469331             2386
  -4.85656400000000       0.765031034717199             2387
  -4.85880400000000       0.764707504575471             2388
  -4.85893500000000       0.764586229346067             2389
  -4.85893600000000       0.764280684288656             2390
  -4.85928900000000       0.762999425441111             2391
  -4.85970300000000       0.761674057950935             2392
