  -4.44615000000000       0.565101368084757             1735
  -4.84138100000000       0.489410785120598             1736
  -4.97814700000000       0.494757472546077             1737
  -5.00094300000000       0.493590897677262             1738
  -5.00235900000000       0.493161745663519             1739
  -5.00238300000000       0.493337623541280             1740
  -5.00887400000000       0.492847677829188             1741
  -5.02724300000000       0.490519476149516             1742
  -5.05634700000000       0.483853021770677             1743
  -5.06878600000000       0.465675016922542             1744
  -5.07429600000000       0.473324341585606             1745
  -5.08370000000000       0.468818174557001             1746
  -5.08523300000000       0.466066869053116             1747
  -5.09105800000000       0.457545698121735             1748
  -5.09391500000000       0.446063382063241             1749
  -5.09957800000000       0.442006809586998             1750
  -5.10861200000000       0.423453299416343             1751
  -5.10920400000000       0.368658769510011             1752
  -5.10929900000000       0.361691588164519             1753
  -5.10951400000000       0.365297089608505             1754
  -5.10954600000000       0.364719031164222             1755
  -5.11133600000000       0.362535571394868             1756
  -5.11138600000000       0.359239744861026             1757
  -5.11241400000000       0.354767000479840             1758
  -5.11353100000000       0.346090654541152             1759
  -5.11263100000000       0.352290846091871             1760
  -5.11350700000000       0.353607626389779             1761
  -5.11361600000000       0.351532556132182             1762
  -5.11350000000000       0.352855675375732             1763
  -5.11369600000000       0.352856328105897             1764
