  -4.31992700000000       0.665094088604503             4254
  -4.73702800000000       0.658272674343014             4255
  -4.88982300000000       0.651346914142943             4256
  -4.90903800000000       0.652850596312252             4257
  -4.91051500000000       0.653315429832845             4258
  -4.91051400000000       0.653304484111654             4259
  -4.91051400000000       0.653375027661831             4260
  -4.91088600000000       0.653749197080482             4261
  -4.91183100000000       0.654667119844954             4262
  -4.91287200000000       0.655980664446585             4263
  -4.91297600000000       0.656783755898796             4264
  -4.91353600000000       0.658096851125787             4265
  -4.91404700000000       0.659833060022863             4266
  -4.91454800000000       0.661187351300396             4267
  -4.91575500000000       0.664809808029839             4268
  -4.91716500000000       0.672202941659654             4269
  -4.91436300000000       0.687391510520331             4270
  -4.91734000000000       0.674310643099873             4271
  -4.91795600000000       0.677410372153453             4272
  -4.91946700000000       0.687790266452857             4273
  -4.92057800000000       0.689843955355404             4274
  -4.92118500000000       0.661011235637775             4275
  -4.92320600000000       0.668086193815582             4276
  -4.92730200000000       0.682642774666930             4277
  -4.93498500000000       0.713557257762911             4278
  -4.93571000000000       0.780596616270697             4279
  -4.93887100000000       0.744219468478785             4280
  -4.93955900000000       0.764601894514272             4281
  -4.93976600000000       0.756852921816788             4282
  -4.94102500000000       0.760549473011332             4283
  -4.94223700000000       0.765822722583996             4284
  -4.94282800000000       0.776910709448052             4285
  -4.94297900000000       0.773751795128037             4286
  -4.94507100000000       0.772871671021588             4287
  -4.95032100000000       0.770412719090720             4288
  -4.95568100000000       0.765832213643175             4289
  -4.95583500000000       0.764788271349127             4290
  -4.95707800000000       0.762966719160427             4291
  -4.95945000000000       0.757254069465977             4292
  -4.95953100000000       0.746543981558191             4293
  -4.96005600000000       0.751199751815879             4294
  -4.96164100000000       0.750921899891523             4295
  -4.96477500000000       0.747587301218070             4296
  -4.96445900000000       0.735627827799775             4297
  -4.96566800000000       0.741517189283465             4298
  -4.96708700000000       0.735618659483983             4299
  -4.96965100000000       0.718168190560461             4300
  -4.96872200000000       0.705208810624477             4301
  -4.96989500000000       0.711560234840160             4302
  -4.97116900000000       0.701703788562467             4303
  -4.97597400000000       0.680021411160001             4304
  -4.98208100000000       0.657947904825572             4305
  -4.97413700000000       0.679744661854011             4306
  -4.98286500000000       0.655952276790669             4307
  -4.98300900000000       0.653338094056194             4308
  -4.98610100000000       0.651945488864015             4309
  -4.98691700000000       0.653066681728796             4310
  -4.98917100000000       0.655303187548171             4311
  -4.99070000000000       0.656116169775316             4312
