  -4.34065100000000       0.666597695486512             4712
  -4.71251500000000       0.666597708004404             4713
  -4.87823200000000       0.666597709225329             4714
  -4.88460800000000       0.666597685799704             4715
  -4.88575800000000       0.666597697602987             4716
  -4.90936800000000       0.666597693507837             4717
  -4.95523300000000       0.666597685799706             4718
  -4.97023900000000       0.666597714739291             4719
  -4.97494100000000       0.666597698909742             4720
  -4.99339800000000       0.666597685799705             4721
  -4.99433300000000       0.666597714739278             4722
  -4.99433800000000       0.666597693507837             4723
  -4.99525500000000       0.666597689602809             4724
  -4.99605300000000       0.666597714739221             4725
  -4.99616500000000       0.666597705893312             4726
