  -4.32517400000000       0.739511498790791             1065
  -4.51164000000000       0.739511488568598             1066
  -4.68888400000000       0.739511490538996             1067
  -4.69279900000000       0.739511500955072             1068
  -4.70567100000000       0.739511500955020             1069
  -4.71065600000000       0.739511500955072             1070
  -4.77246400000000       0.739511498182701             1071
  -4.80422500000000       0.739511490538996             1072
  -4.80442400000000       0.739511492581721             1073
  -4.82298600000000       0.739511492581622             1074
  -4.87467400000000       0.739511488568674             1075
  -4.92185400000000       0.739511488568682             1076
  -4.92209100000000       0.739511488568682             1077
  -4.92223100000000       0.739511493633295             1078
  -4.92669500000000       0.739511488568682             1079
  -4.92719400000000       0.739511493633295             1080
  -4.92722300000000       0.739511488568682             1081
  -4.92729400000000       0.739511488568682             1082
  -4.92729600000000       0.739511488568682             1083
