  -4.12185000000000       0.842046181111107             2577
  -4.50939100000000       0.849996433743361             2578
  -4.75975900000000       0.797983793279558             2579
  -4.76023100000000       0.798054225483619             2580
  -4.76017400000000       0.798061256744443             2581
  -4.76386700000000       0.797262213483924             2582
  -4.77063900000000       0.793737650973923             2583
  -4.77244200000000       0.849608645443691             2584
  -4.77336500000000       0.851813741739161             2585
  -4.77529700000000       0.850620985422970             2586
  -4.77626700000000       0.849218705140721             2587
  -4.77627200000000       0.848803312858776             2588
  -4.77669600000000       0.847501391398539             2589
  -4.77706300000000       0.846315074414974             2590
  -4.77708400000000       0.845980081722864             2591
  -4.77740100000000       0.845338757719674             2592
  -4.77785900000000       0.781522232648551             2593
  -4.77817800000000       0.779905394238470             2594
  -4.77864800000000       0.775126771880561             2595
  -4.77867400000000       0.772888181708420             2596
  -4.77868400000000       0.773539977168421             2597
  -4.77880100000000       0.772277016971662             2598
  -4.77919800000000       0.768387095290988             2599
  -4.77940900000000       0.760786203091981             2600
  -4.77943600000000       0.762066710924050             2601
  -4.77954600000000       0.759895754299053             2602
