  -4.62222100000000       0.534100022177781              529
  -4.91263200000000       0.534100022177747              530
  -5.05282900000000       0.534100022177980              531
  -5.05902300000000       0.534100022177701              532
  -5.05890500000000       0.534100022177924              533
  -5.07234200000000       0.534100022177768              534
  -5.09173300000000       0.534100022177851              535
  -5.06924000000000       0.534100022177868              536
  -5.09512800000000       0.534100022177851              537
  -5.09516800000000       0.534100022177825              538
  -5.09517700000000       0.534100022177867              539
  -5.09690500000000       0.534100022177940              540
  -5.09739100000000       0.534100022177908              541
  -5.09740500000000       0.534100022177908              542
