  -4.03728900000000       0.717139102056067              783
  -4.40232200000000       0.599941071110675              784
  -4.62458800000000       0.595522120644794              785
  -4.62468400000000       0.595684468026231              786
  -4.62418700000000       0.595035085918563              787
  -4.68109800000000       0.569555049357048              788
  -4.76517800000000       0.528190441836430              789
  -4.77109600000000       0.547536515344642              790
  -4.79572900000000       0.586850242833773              791
  -4.81053600000000       0.555303811661203              792
  -4.81069000000000       0.555320601567235              793
  -4.81069900000000       0.559218026867329              794
  -4.81332900000000       0.570239884383414              795
  -4.81828000000000       0.593375304881254              796
  -4.82612500000000       0.618455627507840              797
  -4.83706100000000       0.541618613768160              798
  -4.70993800000000       0.645541293224833              799
  -4.84560000000000       0.621407315809833              800
  -4.84414500000000       0.626277228931985              801
  -4.84457000000000       0.624176118510506              802
  -4.84574800000000       0.619930957809744              803
  -4.84832700000000       0.610667424428147              804
  -4.85028700000000       0.613709996839124              805
  -4.85315400000000       0.612734976535197              806
  -4.86124400000000       0.610503297223745              807
  -4.87525800000000       0.605763813578471              808
  -4.89561900000000       0.535079754472165              809
  -4.91030400000000       0.528994996812033              810
  -4.91388700000000       0.524672343551941              811
  -4.92254200000000       0.514372248498804              812
  -4.92819700000000       0.569438099481456              813
  -4.92849800000000       0.513473713046782              814
  -4.92938500000000       0.576171272287055              815
  -4.93040800000000       0.572145687188517              816
  -4.93041500000000       0.572482159978343              817
  -4.93066100000000       0.572133951819859              818
