  -4.37290800000000       0.647253698940823             3108
  -4.66945200000000       0.648391637239074             3109
  -4.87271600000000       0.664382825255332             3110
  -4.87397600000000       0.665854381497911             3111
  -4.87401500000000       0.666468166898029             3112
  -4.87822400000000       0.664896879526075             3113
  -4.88809900000000       0.660542219851957             3114
  -4.89622100000000       0.637962595307852             3115
  -4.90143600000000       0.638904501126332             3116
  -4.90341900000000       0.639841951917909             3117
  -4.90592600000000       0.648349926406538             3118
  -4.91152300000000       0.632848916372956             3119
  -4.90547400000000       0.607977197920412             3120
  -4.91242200000000       0.615614172184836             3121
  -4.91333000000000       0.614204052157935             3122
  -4.91335800000000       0.613747279211553             3123
  -4.91369600000000       0.613016033424117             3124
