  -4.00838400000000       0.688369831896022             1229
  -4.50683000000000       0.445534766709823             1230
  -4.73338400000000       0.444935651978231             1231
  -4.74272400000000       0.688944203916572             1232
  -4.74375600000000       0.688948347742202             1233
  -4.74375800000000       0.689590158398263             1234
  -4.74823500000000       0.691803138319990             1235
  -4.75965000000000       0.698261282773922             1236
  -4.78186700000000       0.543635058307419             1237
  -4.84932100000000       0.713240585262570             1238
  -4.91227500000000       0.672478678412363             1239
  -4.91926700000000       0.651900556019603             1240
  -4.92116800000000       0.690778538437799             1241
  -4.91841100000000       0.668448773842306             1242
  -4.92413100000000       0.668448773842306             1243
