  -4.62682100000000       0.620622681304010             2604
  -4.65895600000000       0.623836026420310             2605
  -4.70465500000000       0.629747512772887             2606
  -4.74424500000000       0.631280695673747             2607
  -4.74624000000000       0.631922422757518             2608
  -4.74661200000000       0.632142072665842             2609
  -4.74664500000000       0.632073635096814             2610
  -4.74663700000000       0.631869343955245             2611
  -4.75322900000000       0.638327663382421             2612
  -4.76202000000000       0.636386763084911             2613
  -4.76206100000000       0.636436740415111             2614
  -4.76283500000000       0.636318125969257             2615
  -4.76464400000000       0.563947638187750             2616
  -4.76320200000000       0.568618073284316             2617
  -4.76508100000000       0.565874238005749             2618
  -4.76568000000000       0.564479983249533             2619
  -4.76669800000000       0.579987718855071             2620
  -4.76692300000000       0.564703169621033             2621
  -4.76713300000000       0.580132389660406             2622
  -4.76795800000000       0.578526359373971             2623
  -4.76836400000000       0.578245313563754             2624
  -4.76838600000000       0.577906679772433             2625
  -4.76847600000000       0.576586063857960             2626
  -4.76871400000000       0.573936445493670             2627
  -4.76882400000000       0.575353022938241             2628
  -4.76890500000000       0.575288789255963             2629
