  -4.35058500000000       0.626186279783435             4962
  -4.67522100000000       0.639112908846227             4963
  -4.87187900000000       0.632076026763223             4964
  -4.87214900000000       0.632038407059662             4965
  -4.87217600000000       0.627716638284648             4966
  -4.89262100000000       0.615163735933221             4967
  -4.92643000000000       0.613457492639149             4968
  -4.92935200000000       0.612496875989023             4969
  -4.92968100000000       0.612950907757356             4970
  -4.93355800000000       0.612798969982260             4971
  -4.93555400000000       0.612019499307006             4972
  -4.93556400000000       0.614628341262785             4973
  -4.93697900000000       0.621302929023314             4974
  -4.93812300000000       0.615442815701191             4975
  -4.93837100000000       0.617290026707476             4976
  -4.93840900000000       0.617527967502978             4977
  -4.93862800000000       0.617802023985035             4978
