  -4.19396100000000       0.690471647713376             2104
  -4.55819400000000       0.397989475597370             2105
  -4.79382500000000       0.400772113653757             2106
  -4.79403100000000       0.400955885690850             2107
  -4.79401100000000       0.402201959066624             2108
  -4.79612700000000       0.405772962496422             2109
  -4.80218900000000       0.413301738508427             2110
  -4.81287500000000       0.709673281990113             2111
  -4.82749000000000       0.681648063531321             2112
  -4.82881900000000       0.695337090784094             2113
  -4.83275300000000       0.684979482200969             2114
  -4.84274100000000       0.576853959199526             2115
  -4.86073700000000       0.573825316038908             2116
  -4.86086400000000       0.585437101901403             2117
  -4.86810800000000       0.593401812816636             2118
  -4.86995100000000       0.615219293876598             2119
  -4.87173300000000       0.673232116462504             2120
  -4.87721600000000       0.665903616163248             2121
  -4.86897400000000       0.702203853403162             2122
  -4.87952000000000       0.729106650973351             2123
  -4.89386300000000       0.677005387178574             2124
  -4.90293700000000       0.676131133442135             2125
  -4.90717500000000       0.675828874072627             2126
  -4.90731700000000       0.690191433097269             2127
  -4.91004800000000       0.703394189614781             2128
  -4.91095300000000       0.704628087647832             2129
  -4.91095700000000       0.708198721137586             2130
  -4.91120600000000       0.710491659217855             2131
  -4.91125000000000       0.710493540371333             2132
