 -0.802048000000000       0.490574971554806                1
  -4.36027500000000       0.512287321085239                2
  -4.70676000000000       0.560579547832317                3
  -4.87161000000000       0.554084715819078                4
  -4.87667300000000       0.551463087371897                5
  -4.87713500000000       0.551591324805039                6
  -4.87713900000000       0.551571446852267                7
  -4.87713800000000       0.548730222875075                8
  -4.87760000000000       0.541429847094186                9
  -4.87835700000000       0.527637316207670               10
  -4.87953300000000       0.503235451618662               11
  -4.88033400000000       0.496105170795877               12
  -4.88149500000000       0.493303649835493               13
  -4.88162100000000       0.493303649835493               14
