  -1.12078200000000       0.952004603550893             5596
  -4.23308500000000       0.967002568602672             5597
  -4.59012100000000       0.969566094707079             5598
  -4.76982700000000       0.973146791158928             5599
  -4.77193700000000       0.972988644176924             5600
  -4.77244700000000       0.972919462309486             5601
  -4.80985000000000       0.972813511938739             5602
  -4.83528400000000       0.972590931049637             5603
  -4.83944200000000       0.972787872804119             5604
  -4.84713100000000       0.973553072209548             5605
  -4.83430100000000       0.975908501152408             5606
  -4.84774600000000       0.973874094571736             5607
  -4.85233000000000       0.974743846867380             5608
  -4.86141300000000       0.879725539438284             5609
  -4.84987600000000       0.894340297332979             5610
  -4.86297900000000       0.882263941961246             5611
  -4.86748600000000       0.885794256586751             5612
  -4.86822100000000       0.887868809181929             5613
  -4.87220600000000       0.893225781979694             5614
  -4.87892800000000       0.913300730205197             5615
  -4.87894100000000       0.914672185870806             5616
  -4.87960300000000       0.915156305721038             5617
  -4.87960400000000       0.915176226417532             5618
  -4.87991100000000       0.915058732894134             5619
