  -4.25942100000000       0.888849241419155             3433
  -4.52933700000000       0.864266020512942             3434
  -4.71845400000000       0.850747894341791             3435
  -4.72019200000000       0.848431902420246             3436
  -4.71977500000000       0.847669507902854             3437
  -4.76668700000000       0.861328391343060             3438
  -4.81341900000000       0.870135880458992             3439
  -4.82296300000000       0.846064742212576             3440
  -4.83241200000000       0.846655791315237             3441
  -4.83616900000000       0.870293343759836             3442
  -4.84107400000000       0.860686857839787             3443
  -4.84474200000000       0.856037519517534             3444
  -4.84782200000000       0.848385539744061             3445
  -4.84827500000000       0.846006753934422             3446
  -4.85153800000000       0.869439776246249             3447
  -4.85373200000000       0.902232323958214             3448
  -4.85199100000000       0.870099097553366             3449
  -4.85415600000000       0.900533807773500             3450
  -4.85540400000000       0.901457054796059             3451
  -4.85717500000000       0.902945442904932             3452
  -4.85807300000000       0.900183032441931             3453
  -4.85856600000000       0.900397575766024             3454
  -4.85998000000000       0.899956939881607             3455
  -4.86251900000000       0.883026997681808             3456
  -4.86339700000000       0.874747301507985             3457
  -4.86748400000000       0.826704071622530             3458
  -4.87506000000000       0.819538932924870             3459
  -4.87008400000000       0.795658586275698             3460
  -4.87656200000000       0.808566502179291             3461
  -4.88145900000000       0.807018501010440             3462
  -4.89087700000000       0.826227027259202             3463
  -4.87304400000000       0.776649501349589             3464
  -4.89252100000000       0.794354966185053             3465
  -4.89307300000000       0.785107101906999             3466
  -4.89347300000000       0.789828645862696             3467
  -4.89365300000000       0.794564485970005             3468
  -4.89929600000000       0.792396656530959             3469
  -4.89965400000000       0.790339263703811             3470
  -4.90709400000000       0.790697031299746             3471
  -4.90903100000000       0.791082989582137             3472
  -4.91331500000000       0.767903200492441             3473
  -4.91366700000000       0.768431492675307             3474
  -4.91460000000000       0.766855606958127             3475
  -4.91578600000000       0.768277019092505             3476
  -4.91673200000000       0.769222056824572             3477
  -4.91880500000000       0.773755534648817             3478
  -4.91972100000000       0.788403948386661             3479
  -4.92003000000000       0.789486655948786             3480
  -4.92083200000000       0.792620442800380             3481
  -4.92196300000000       0.800303959266828             3482
  -4.92208300000000       0.824136928254351             3483
  -4.92239600000000       0.819543294708293             3484
  -4.92291900000000       0.819708219332815             3485
  -4.92394700000000       0.819774467039927             3486
  -4.92376100000000       0.820018215533965             3487
  -4.92421400000000       0.819949830955417             3488
  -4.92475900000000       0.820631027834828             3489
  -4.92509000000000       0.821663683301378             3490
  -4.92530500000000       0.822480984137804             3491
