 -0.572360000000000       0.583899810527536              159
  -4.44111500000000       0.585414256589269              160
  -4.64360900000000       0.602988130778731              161
  -4.81391400000000       0.609857733572128              162
  -4.82580000000000       0.613568022386034              163
  -4.82634700000000       0.614644595401498              164
  -4.82591000000000       0.478073152944843              165
  -4.82604800000000       0.479014324551654              166
  -4.83583500000000       0.482449616888139              167
  -4.85151500000000       0.617345240959391              168
  -4.85309000000000       0.617507156640392              169
  -4.85982500000000       0.618157980336405              170
  -4.87218000000000       0.617546138749342              171
  -4.87293900000000       0.617384347088300              172
  -4.87306700000000       0.617408289786425              173
  -4.87306900000000       0.614755958998672              174
  -4.87356600000000       0.612489735334082              175
  -4.87377100000000       0.608080727233727              176
  -4.87376700000000       0.605064548777455              177
  -4.87402500000000       0.601875923247392              178
  -4.87419600000000       0.595675675684332              179
  -4.87418700000000       0.599025381954427              180
  -4.87426500000000       0.597298953592993              181
  -4.87466600000000       0.592225447473066              182
  -4.87597800000000       0.582223874925391              183
  -4.87896400000000       0.563696842277234              184
  -4.88268000000000       0.537030765921192              185
  -4.87726700000000       0.554236076824809              186
  -4.88288200000000       0.558458347816136              187
  -4.88312300000000       0.557261105564459              188
  -4.88316500000000       0.555912543401534              189
  -4.88349800000000       0.552048009971560              190
  -4.88414000000000       0.545122152578442              191
  -4.88627700000000       0.534680823219082              192
  -4.88733300000000       0.538961245827624              193
  -4.88754400000000       0.537721258012098              194
  -4.88773400000000       0.536149040932044              195
  -4.88774700000000       0.536799232398512              196
  -4.88780700000000       0.536277164777486              197
  -4.88927400000000       0.535111097869499              198
  -4.89104000000000       0.535025827204427              199
  -4.89108500000000       0.534867290680641              200
  -4.89110300000000       0.534939980081958              201
  -4.89111300000000       0.535568839583131              202
  -4.89172600000000       0.535925773233886              203
  -4.89195800000000       0.536524875241387              204
  -4.89230100000000       0.537223610470815              205
  -4.89180700000000       0.536884942412166              206
  -4.89236300000000       0.536757963288407              207
  -4.89239900000000       0.536759495239154              208
