  -4.21996500000000       0.948951953804005             5199
  -4.64463300000000       0.948805239108325             5200
  -4.84807800000000       0.949729647889347             5201
  -4.85371700000000       0.949813274500650             5202
  -4.85425100000000       0.949845727228682             5203
  -4.85425000000000       0.949845622824462             5204
  -4.85561200000000       0.951473522400950             5205
  -4.85910000000000       0.956164964646558             5206
  -4.86391900000000       0.962891803978208             5207
  -4.86684800000000       0.898147992477743             5208
  -4.86970600000000       0.891125158432516             5209
  -4.87600700000000       0.903542513042502             5210
  -4.87612400000000       0.833793671512309             5211
  -4.87827900000000       0.851942223271388             5212
  -4.88197200000000       0.840961501064512             5213
  -4.88305300000000       0.831918670229324             5214
  -4.88305900000000       0.831330531668574             5215
  -4.88325000000000       0.830809501241694             5216
  -4.88336600000000       0.829970456170584             5217
