  -4.06292500000000       0.831127286142380             2410
  -4.43100200000000       0.834642744289436             2411
  -4.70173400000000       0.843284868070933             2412
  -4.70795600000000       0.844975885503014             2413
  -4.70768300000000       0.845759243075918             2414
  -4.72364000000000       0.843766872008806             2415
  -4.75907800000000       0.838413930096922             2416
  -4.78741400000000       0.830306715524481             2417
  -4.80936900000000       0.827703538810529             2418
  -4.86010000000000       0.823015675596294             2419
  -4.70635400000000       0.733781023856528             2420
  -4.86426100000000       0.822679886171077             2421
  -4.86574100000000       0.822375076050564             2422
  -4.86589000000000       0.822424048315628             2423
  -4.86793400000000       0.822336173750959             2424
  -4.87014300000000       0.822562755398198             2425
  -4.87014900000000       0.822592856414049             2426
  -4.87028000000000       0.822671676164144             2427
  -4.87032100000000       0.822748498521749             2428
