  -4.25981400000000       0.661939908145972             4131
  -4.56544100000000       0.665667145366138             4132
  -4.77495700000000       0.661914685280373             4133
  -4.77594600000000       0.661742015137369             4134
  -4.77597700000000       0.662961861638583             4135
  -4.78311400000000       0.667363073321703             4136
  -4.80192900000000       0.676226323952177             4137
  -4.82513200000000       0.681769388901882             4138
  -4.82688400000000       0.681854863104326             4139
  -4.82707700000000       0.683379626154065             4140
  -4.83221200000000       0.687991822956315             4141
  -4.83754900000000       0.691135594236604             4142
  -4.84104800000000       0.694279987519855             4143
  -4.84236400000000       0.695046914782805             4144
  -4.84242800000000       0.697703543830047             4145
  -4.84372100000000       0.700541920564471             4146
  -4.84428000000000       0.700917517676218             4147
  -4.84487800000000       0.701690901094098             4148
  -4.84556100000000       0.700265748412814             4149
  -4.84582500000000       0.700591248378942             4150
  -4.84653600000000       0.700884549860716             4151
  -4.84761000000000       0.701436121136999             4152
  -4.84847200000000       0.698715838201176             4153
  -4.84955400000000       0.702559113234330             4154
  -4.85257800000000       0.708744326709292             4155
  -4.85798100000000       0.730821334223456             4156
  -4.86944900000000       0.750313381063695             4157
  -4.84039600000000       0.717078804257066             4158
  -4.86982500000000       0.740893780202822             4159
  -4.87445700000000       0.730045942447390             4160
  -4.87448700000000       0.734021982705654             4161
  -4.87505400000000       0.733382880262398             4162
  -4.87604100000000       0.734124483349570             4163
  -4.87712100000000       0.732249456561919             4164
  -4.87865100000000       0.731111924320475             4165
  -4.88282600000000       0.720828348296901             4166
  -4.88974000000000       0.714233798112928             4167
  -4.89679500000000       0.711257784706761             4168
  -4.89699300000000       0.709279205677639             4169
  -4.90035600000000       0.704033730064804             4170
  -4.90496900000000       0.703068328711373             4171
  -4.90505100000000       0.704420512840624             4172
  -4.90637300000000       0.708678764477512             4173
  -4.90816900000000       0.709411749427429             4174
  -4.90818100000000       0.709695318779643             4175
  -4.90856700000000       0.710896508159639             4176
  -4.90886300000000       0.711084786709976             4177
  -4.90913200000000       0.711333049186936             4178
  -4.90913700000000       0.711387812613568             4179
