  -4.26471700000000       0.759212529454682             2273
  -4.62690300000000       0.762465841979420             2274
  -4.82784600000000       0.776401066691901             2275
  -4.82878500000000       0.775629902881537             2276
  -4.82891500000000       0.777422773821798             2277
  -4.84641800000000       0.783319495842281             2278
  -4.88217100000000       0.794419209909321             2279
  -4.90070400000000       0.779110310387498             2280
  -4.90145500000000       0.786331920622334             2281
  -4.91811500000000       0.797549714655753             2282
  -4.93518400000000       0.802793631982674             2283
  -4.95301700000000       0.764534565542227             2284
  -4.98931600000000       0.787006044152261             2285
  -4.99410800000000       0.791116640716106             2286
  -5.00596200000000       0.774003493097599             2287
  -5.01743700000000       0.777918912006165             2288
  -5.01785700000000       0.777701956868289             2289
  -5.01944200000000       0.777382735267234             2290
  -5.02028900000000       0.778596913966533             2291
  -5.02030100000000       0.778607303087603             2292
  -5.02066100000000       0.778206652095598             2293
  -5.02082800000000       0.778511204387901             2294
  -5.02097600000000       0.777982932149559             2295
