  -4.30897900000000       0.839910524001147             4505
  -4.65893200000000       0.868656046390373             4506
  -4.84956900000000       0.831240772642020             4507
  -4.85116200000000       0.831742570842542             4508
  -4.85132500000000       0.833070542667293             4509
  -4.85650400000000       0.837341820077312             4510
  -4.86861500000000       0.846227412358696             4511
  -4.88026400000000       0.871890921417536             4512
  -4.88064900000000       0.877559111215988             4513
  -4.88775500000000       0.879712974771827             4514
  -4.89380000000000       0.864418765318399             4515
  -4.89351400000000       0.877937875303073             4516
  -4.89559000000000       0.863663148691929             4517
  -4.89558200000000       0.876721375668670             4518
  -4.90239900000000       0.874903542117470             4519
  -4.90271100000000       0.860012348601720             4520
  -4.90625900000000       0.859415409486268             4521
  -4.90902700000000       0.859164604883626             4522
  -4.90911300000000       0.871993714649429             4523
  -4.91041700000000       0.875845030155801             4524
  -4.91067100000000       0.878614439384990             4525
  -4.91161100000000       0.882920355612238             4526
  -4.91219100000000       0.888573238111969             4527
  -4.91260900000000       0.890207765902786             4528
  -4.91290400000000       0.893274818255662             4529
  -4.91305400000000       0.893627485618073             4530
  -4.91315300000000       0.893970268477493             4531
