  -1.10262100000000       0.726216064295829             3757
  -4.14079000000000       0.734629351925116             3758
  -4.66214000000000       0.473331776925880             3759
  -4.78840900000000       0.467605947729719             3760
  -4.83530900000000       0.469084767694853             3761
  -4.83803700000000       0.469556532413664             3762
  -4.83804600000000       0.469529975225054             3763
  -4.83804600000000       0.469529975225054             3764
  -4.83877700000000       0.468304330238624             3765
  -4.84083900000000       0.464886368301600             3766
  -4.84484000000000       0.459253400284735             3767
  -4.85035200000000       0.452699912530106             3768
  -4.84794400000000       0.286952964731142             3769
  -4.85175300000000       0.451692465490055             3770
  -4.85178300000000       0.451798767910593             3771
  -4.85189700000000       0.448584295653431             3772
  -4.85194500000000       0.444140790145975             3773
  -4.85197600000000       0.443257260741588             3774
  -4.85207500000000       0.440636129461919             3775
  -4.85232000000000       0.435468511628163             3776
  -4.85286900000000       0.425475620362974             3777
  -4.85381600000000       0.406934793835547             3778
  -4.85504000000000       0.353992654948302             3779
  -4.85566300000000       0.348511479494601             3780
  -4.85574000000000       0.345541849313772             3781
  -4.85574300000000       0.346045434127486             3782
  -4.85579700000000       0.344730906850814             3783
  -4.85592500000000       0.340996301256961             3784
