  -4.29873700000000       0.702973481407985             2806
  -4.66369000000000       0.693171266425147             2807
  -4.88538500000000       0.699886620916082             2808
  -4.88544000000000       0.699866775313245             2809
  -4.88545100000000       0.697521841981512             2810
  -4.88679700000000       0.690012501021067             2811
  -4.89083000000000       0.674041659960576             2812
  -4.89595100000000       0.664686839469636             2813
  -4.89650200000000       0.660958322091879             2814
  -4.89759800000000       0.656494560953030             2815
  -4.89830300000000       0.654478827415749             2816
  -4.89832300000000       0.653943336471677             2817
  -4.89871400000000       0.652344350343768             2818
  -4.89901800000000       0.650406989951816             2819
