  -4.19761500000000       0.865328133666240             2223
  -4.45400800000000       0.701591681944020             2224
  -4.59467700000000       0.720937707171003             2225
  -4.59206500000000       0.722665286756671             2226
  -4.77256000000000       0.707152268714242             2227
  -4.83272300000000       0.697463461007118             2228
  -4.83982800000000       0.683850535936458             2229
  -4.85014500000000       0.688063242525597             2230
  -4.85050400000000       0.689517547294895             2231
  -4.87296200000000       0.687647094087622             2232
  -4.90290800000000       0.683960182721233             2233
  -4.90387400000000       0.683212273067153             2234
  -4.90394600000000       0.683711530598902             2235
  -4.90902700000000       0.685609426988685             2236
  -4.92179000000000       0.694289523202704             2237
  -4.93462300000000       0.720147797644346             2238
  -4.93594600000000       0.740458110639887             2239
  -4.94461600000000       0.766624643742660             2240
  -4.96559200000000       0.828691631838995             2241
  -4.95449100000000       0.843334982798557             2242
  -4.97418600000000       0.840857534533074             2243
  -4.98173900000000       0.849593629199501             2244
  -4.98790900000000       0.780385315768154             2245
  -4.99079300000000       0.783936016430514             2246
  -4.99123000000000       0.783934874390843             2247
  -4.99842400000000       0.782019197838366             2248
  -5.01217900000000       0.776623102190412             2249
  -5.00960400000000       0.767969354764440             2250
  -5.01557500000000       0.775302301458353             2251
  -5.01747800000000       0.774653446453600             2252
  -5.01761500000000       0.775147369696908             2253
  -5.01806100000000       0.777403283338583             2254
  -5.01854600000000       0.778207403581138             2255
  -5.01893100000000       0.779683373018188             2256
  -5.01952600000000       0.782495685380016             2257
  -5.01954700000000       0.782676285030150             2258
  -5.01987300000000       0.782907914521364             2259
  -5.01993300000000       0.783076084434840             2260
  -5.02011300000000       0.782864994098653             2261
