  -1.17507100000000       0.664321506374669              578
  -4.24069600000000       0.679979331405014              579
  -4.72045500000000       1.961251642138884E-002         580
  -4.84160000000000       2.106383208256856E-002         581
  -4.88195000000000       2.162047593286389E-002         582
  -4.88460100000000       2.159324078895709E-002         583
  -4.88460000000000       2.366686871381379E-002         584
  -4.88574200000000       0.352978496325863              585
  -4.88771900000000       0.351200616183871              586
  -4.88790700000000       0.347912509454615              587
  -4.88919700000000       0.342351849173659              588
  -4.89230700000000       0.334683847698534              589
  -4.90014200000000       0.333404172298711              590
  -4.90141600000000       0.330630865143171              591
  -4.90443100000000       0.330782964619419              592
  -4.90563400000000       0.331194814522276              593
  -4.90866100000000       0.331894633014607              594
  -4.90874300000000       0.331522428430138              595
  -4.90989800000000       0.331141949040397              596
  -4.91124700000000       0.330974339686199              597
  -4.91155300000000       0.330657651130316              598
  -4.91165100000000       0.330087338879919              599
  -4.91264900000000       0.330110850132302              600
  -4.91265300000000       0.330102045685149              601
  -4.91297500000000       0.330097268003572              602
  -4.91297900000000       0.330099052983545              603
  -4.91298500000000       0.330204880462717              604
  -4.91302300000000       0.330204880462717              605
