  -4.37541800000000       0.776681083298424             5681
  -4.74382000000000       0.729690680494021             5682
  -4.91480400000000       0.733931443252342             5683
  -4.92165100000000       0.733350471822943             5684
  -4.92222700000000       0.733141430444225             5685
  -4.92222600000000       0.732838603930551             5686
  -4.92370000000000       0.732407316714629             5687
  -4.92752500000000       0.732124947823851             5688
  -4.93262400000000       0.703315706471059             5689
  -4.93281000000000       0.705925088383505             5690
  -4.93436700000000       0.704713106714090             5691
  -4.93573800000000       0.704014879531736             5692
  -4.93679600000000       0.704692013587074             5693
  -4.93742600000000       0.703803004908994             5694
  -4.93924700000000       0.702100396077855             5695
  -4.94287000000000       0.699325594387489             5696
  -4.95065200000000       0.695425734156290             5697
  -4.96915400000000       0.650487402705415             5698
  -4.97943200000000       0.570511387965751             5699
  -4.98357000000000       0.559940056334104             5700
  -4.98705600000000       0.556908749377751             5701
  -4.99209400000000       0.561278243210165             5702
  -4.99221500000000       0.563075013515855             5703
  -4.99439500000000       0.563014637369896             5704
  -4.99952700000000       0.562980927266809             5705
  -5.00308100000000       0.563383784595257             5706
  -5.00314600000000       0.563636357571332             5707
  -5.00377300000000       0.565712804594902             5708
  -5.00507100000000       0.570566223738882             5709
  -5.00504500000000       0.571858974318481             5710
  -5.00555800000000       0.570777890609187             5711
  -5.00600600000000       0.572092288255175             5712
  -5.00702400000000       0.575253715374705             5713
  -5.00759100000000       0.577657910349702             5714
  -5.00764900000000       0.576812889649098             5715
  -5.00826400000000       0.577849511190049             5716
  -5.00974700000000       0.581407929516478             5717
  -5.01120200000000       0.590161167866631             5718
  -5.01236700000000       0.592263680350684             5719
  -5.01436500000000       0.596228603191361             5720
  -5.01450900000000       0.597177682355341             5721
  -5.01557200000000       0.598134508539423             5722
  -5.01696700000000       0.598128483355023             5723
  -5.01697400000000       0.598102593220602             5724
  -5.01717700000000       0.599340568271447             5725
  -5.01743900000000       0.602538229993518             5726
