  -4.31273800000000       0.850184118066849             3532
  -4.52238700000000       0.828571383234115             3533
  -4.64311400000000       0.829195392201211             3534
  -4.64201800000000       0.753105596607316             3535
  -4.78201100000000       0.833055991752676             3536
  -4.83038400000000       0.696602188278464             3537
  -4.83968500000000       0.786226453329964             3538
  -4.84502100000000       0.785743894160243             3539
  -4.84563500000000       0.785315724608681             3540
  -4.84566100000000       0.838735165857413             3541
  -4.85075000000000       0.838889769212430             3542
  -4.85606000000000       0.838759319050981             3543
  -4.85608800000000       0.839065952591424             3544
  -4.85761500000000       0.839348381148604             3545
  -4.86205200000000       0.838313976238283             3546
  -4.86889500000000       0.830835781981081             3547
  -4.87023600000000       0.821566465168715             3548
  -4.87116600000000       0.820014421566501             3549
  -4.87386900000000       0.771398865197818             3550
  -4.87826600000000       0.772453868265693             3551
  -4.87930700000000       0.780573431765161             3552
  -4.88064700000000       0.777366151134243             3553
  -4.88435200000000       0.776664484003433             3554
  -4.89305500000000       0.774446585691772             3555
  -4.90079800000000       0.772693161033107             3556
  -4.90098700000000       0.771999755608461             3557
  -4.90488700000000       0.769786726245992             3558
  -4.90856100000000       0.768816077203795             3559
  -4.90860000000000       0.768991337420835             3560
  -4.90993300000000       0.768869469638219             3561
  -4.91149500000000       0.768130700240477             3562
  -4.91150000000000       0.768473964709123             3563
  -4.91177900000000       0.769082971390073             3564
  -4.91188400000000       0.769404009812292             3565
