  -4.27490700000000       0.633503135793573              866
  -4.62389500000000       0.587582631577465              867
  -4.81917300000000       0.625949724762636              868
  -4.81980800000000       0.606795571362637              869
  -4.81995300000000       0.605909089214872              870
  -4.82997400000000       0.604679195822202              871
  -4.84689500000000       0.607697097233944              872
  -4.84955200000000       0.608679648550781              873
  -4.84988300000000       0.610273562155146              874
  -4.85415700000000       0.612167599506997              875
  -4.85710700000000       0.612652086184784              876
  -4.85717400000000       0.614450613086696              877
  -4.85898400000000       0.616604053542057              878
  -4.86255600000000       0.627142669545242              879
  -4.85825800000000       0.621727265652535              880
  -4.86290100000000       0.622288046334383              881
  -4.86418100000000       0.627721070081819              882
  -4.86817700000000       0.634511764818802              883
  -4.87395900000000       0.630892042945082              884
  -4.87401200000000       0.640921590858715              885
  -4.87582000000000       0.636697153027627              886
  -4.88257500000000       0.634044658248146              887
  -4.88801000000000       0.625959247127390              888
  -4.88676200000000       0.634149952636729              889
  -4.88979600000000       0.631841051664310              890
  -4.89008000000000       0.631826906665967              891
  -4.89492700000000       0.633551183514249              892
  -4.90373600000000       0.554159887423821              893
  -4.89713800000000       0.572581801426439              894
  -4.90521200000000       0.575950548894266              895
  -4.91135400000000       0.666241789891156              896
  -4.92417800000000       0.684778276336047              897
  -4.87983600000000       0.638726575207169              898
  -4.92492900000000       0.598099208439355              899
  -4.92509700000000       0.604479783879159              900
  -4.92553600000000       0.602336366596290              901
  -4.92966300000000       0.612641159486163              902
  -4.93541700000000       0.630645788961681              903
  -4.93575200000000       0.637927173603879              904
  -4.94195500000000       0.648192780419860              905
  -4.95609300000000       0.677596154720495              906
  -4.96341800000000       0.710106767877060              907
  -4.96409400000000       0.710265529115340              908
  -4.96860400000000       0.714815881392129              909
  -4.96863400000000       0.719311883084066              910
  -4.97292400000000       0.736380215948605              911
  -4.97700200000000       0.732839251862773              912
  -4.97773500000000       0.738282353712085              913
  -4.98089900000000       0.742003788572250              914
  -4.98184300000000       0.777617302617731              915
  -4.98023000000000       0.770485702655030              916
  -4.98200500000000       0.775220549607189              917
  -4.98443400000000       0.774110634953657              918
  -4.98540200000000       0.769948329605028              919
  -4.98809900000000       0.707436126538164              920
  -4.98860800000000       0.698504374934976              921
  -4.99008400000000       0.704851281377019              922
  -4.99250600000000       0.697745481400657              923
  -4.99800400000000       0.680624283072137              924
