  -4.22426100000000       0.820618178145830             3356
  -4.32865200000000       0.791609970415969             3357
  -4.39893200000000       0.771278680261361             3358
  -4.39435500000000       0.753045546552316             3359
  -4.77535000000000       0.756564640045883             3360
  -4.80805200000000       0.755734821028781             3361
  -4.82396300000000       0.753599671279991             3362
  -4.82463600000000       0.754101555417380             3363
  -4.82463700000000       0.754464138039423             3364
  -4.83146700000000       0.754082954068991             3365
  -4.84442600000000       0.750393278770725             3366
  -4.82602200000000       0.739227686238368             3367
  -4.84581100000000       0.746635416980657             3368
  -4.84584300000000       0.750114146666961             3369
  -4.84857200000000       0.749253332448155             3370
  -4.85080500000000       0.742633467870709             3371
  -4.85084400000000       0.746819295878941             3372
  -4.85276700000000       0.748048491477671             3373
  -4.85763800000000       0.722858051866007             3374
  -4.86031600000000       0.722973200672320             3375
  -4.86053200000000       0.722514103282948             3376
  -4.86232600000000       0.720435639791372             3377
  -4.86432300000000       0.717494988186476             3378
  -4.86455900000000       0.715935453273531             3379
  -4.86462900000000       0.713654802762807             3380
  -4.86590000000000       0.725127630744469             3381
  -4.86748500000000       0.667799728003006             3382
  -4.86832200000000       0.653309330924906             3383
  -4.86934200000000       0.649053632047752             3384
  -4.87159400000000       0.678975351000271             3385
  -4.87459800000000       0.669737340375400             3386
  -4.86394500000000       0.674282973130963             3387
  -4.87517300000000       0.677934341002454             3388
  -4.87680000000000       0.681630147021234             3389
  -4.87723700000000       0.684013058788346             3390
  -4.87725200000000       0.684498255656933             3391
  -4.87762700000000       0.684959372374787             3392
  -4.87845500000000       0.686651939262200             3393
  -4.87899600000000       0.691005321877575             3394
  -4.87920000000000       0.691030516204218             3395
  -4.87975900000000       0.691620177756779             3396
  -4.88063500000000       0.692954527496292             3397
  -4.88098100000000       0.725605786399998             3398
  -4.88114700000000       0.717039448762058             3399
  -4.88188500000000       0.715511874344023             3400
  -4.88369400000000       0.718695619430996             3401
  -4.88438700000000       0.715577251565941             3402
  -4.88488300000000       0.715944301596835             3403
  -4.88681000000000       0.710415551698500             3404
  -4.88791100000000       0.703360596047909             3405
  -4.88939300000000       0.694614845664054             3406
  -4.88957500000000       0.690818720977293             3407
  -4.88945100000000       0.688533832517400             3408
  -4.88962000000000       0.691887682293431             3409
  -4.89004900000000       0.696183540849769             3410
  -4.89054700000000       0.694407411856823             3411
  -4.89083500000000       0.694325402721211             3412
  -4.89093600000000       0.693576827120241             3413
  -4.89114500000000       0.692648018739758             3414
