  -4.37431400000000       0.564555528259628             2777
  -4.53264200000000       0.572466262615260             2778
  -4.69190400000000       0.569209401574304             2779
  -4.71245000000000       0.567988094427503             2780
  -4.71549200000000       0.569431429681283             2781
  -4.73366200000000       0.500282578435470             2782
  -4.76532400000000       0.497257731721142             2783
  -4.75896200000000       0.509277231226667             2784
  -4.77299500000000       0.513466698078697             2785
  -4.78321900000000       0.582705231479667             2786
  -4.78822600000000       0.585767719138344             2787
  -4.78653000000000       0.584752906820412             2788
  -4.78983500000000       0.583878768198123             2789
  -4.79587900000000       0.583172532860204             2790
  -4.80959200000000       0.572105717174270             2791
  -4.81634400000000       0.510385613385967             2792
  -4.81843200000000       0.579940994027460             2793
  -4.82278600000000       0.508661181644650             2794
  -4.83375100000000       0.509934698518308             2795
  -4.84642400000000       0.514877731689641             2796
  -4.84751200000000       0.516676233840398             2797
  -4.85227400000000       0.517855496651900             2798
  -4.85798600000000       0.520072828256732             2799
  -4.85843500000000       0.520371025590761             2800
  -4.85850400000000       0.520507749406353             2801
  -4.85850800000000       0.520534785026572             2802
  -4.85868600000000       0.520733414213248             2803
  -4.85898500000000       0.521420062505693             2804
