  -4.24166000000000       0.768174294441811             5075
  -4.56387700000000       0.737187517250729             5076
  -4.73677300000000       0.736575867669493             5077
  -4.80484700000000       0.740913084287323             5078
  -4.85207100000000       0.748412293917814             5079
  -4.85223600000000       0.748307879779921             5080
  -4.86156200000000       0.749647220193193             5081
  -4.87223700000000       0.755666507518282             5082
  -4.87227100000000       0.755264017229433             5083
  -4.87540100000000       0.756873392782711             5084
  -4.88292900000000       0.764224257401206             5085
  -4.88472200000000       0.790311164432966             5086
  -4.88671700000000       0.777730819592428             5087
  -4.89165700000000       0.779973648556407             5088
  -4.89423400000000       0.804036453225309             5089
  -4.89542700000000       0.794310735323678             5090
  -4.89903400000000       0.799374780056884             5091
  -4.90094900000000       0.809038505996936             5092
  -4.90319000000000       0.775736125661711             5093
  -4.90500600000000       0.781908516110137             5094
  -4.90617500000000       0.784922183024394             5095
  -4.90619900000000       0.784934850425183             5096
  -4.90658700000000       0.786136977397672             5097
  -4.90677800000000       0.788176091238057             5098
  -4.90678200000000       0.788119842196446             5099
  -4.90693000000000       0.789779148987401             5100
  -4.90693700000000       0.790044869437873             5101
  -4.90706100000000       0.791670565026065             5102
