  -4.69192700000000       0.672874640850870               56
  -4.79720700000000       0.672874640850870               57
  -4.91664200000000       0.672874640850870               58
  -4.94327600000000       0.672874640850870               59
  -4.95685700000000       0.672874640850870               60
  -4.95624700000000       0.672874640850870               61
  -4.98932600000000       0.672874640850870               62
  -5.01526700000000       0.672874640850870               63
  -5.02721900000000       0.672874640850870               64
  -5.02983100000000       0.672874640850870               65
  -5.04229400000000       0.672874640850870               66
  -5.04736400000000       0.672874640850870               67
  -5.05056200000000       0.672874640850870               68
  -5.05057100000000       0.672874640850870               69
  -5.05062500000000       0.672874640850870               70
  -5.05176900000000       0.672874640850870               71
  -5.05210900000000       0.672874640850870               72
