  -4.19017500000000       0.776257365229863             1933
  -4.50508600000000       0.770024415036025             1934
  -4.72636500000000       0.756945054699671             1935
  -4.72830400000000       0.755731027843617             1936
  -4.72829000000000       0.758998931583263             1937
  -4.73942800000000       0.771501362159786             1938
  -4.76049500000000       0.796280682517492             1939
  -4.76246400000000       0.785035163792991             1940
  -4.76711300000000       0.793061169032086             1941
  -4.77601900000000       0.803826740883497             1942
  -4.78510900000000       0.804835845933429             1943
  -4.78533600000000       0.808892974732298             1944
  -4.79460100000000       0.813980574561673             1945
  -4.80680000000000       0.805854819942617             1946
  -4.81069200000000       0.788767805084114             1947
  -4.82198800000000       0.788162261884258             1948
  -4.82216900000000       0.783249190463202             1949
  -4.83051200000000       0.702111853140965             1950
  -4.83486800000000       0.696480595256389             1951
  -4.83520600000000       0.695369833597773             1952
  -4.84076000000000       0.626161582189448             1953
  -4.84463800000000       0.632697839856755             1954
  -4.84576300000000       0.621862131516020             1955
  -4.84723600000000       0.623822508177427             1956
  -4.84766200000000       0.625325004184877             1957
  -4.84785600000000       0.624685225816755             1958
  -4.85047100000000       0.625748602171609             1959
  -4.85621100000000       0.707744341993813             1960
  -4.85750600000000       0.625962423654834             1961
  -4.85870300000000       0.627124211573017             1962
  -4.86007400000000       0.624828010195075             1963
  -4.86287700000000       0.626511765519574             1964
  -4.86319900000000       0.625226798264591             1965
  -4.86388000000000       0.625660502167094             1966
  -4.86584400000000       0.628253199201176             1967
  -4.87164500000000       0.636777300426350             1968
  -4.87790900000000       0.639991351283342             1969
  -4.88091500000000       0.643238918532942             1970
  -4.88849900000000       0.715445309757018             1971
  -4.89337100000000       0.695492389845501             1972
  -4.89381900000000       0.699790279337988             1973
  -4.89914200000000       0.696631964695022             1974
  -4.90088000000000       0.694679164769684             1975
  -4.90270800000000       0.695397278755386             1976
  -4.90479200000000       0.694675961288387             1977
  -4.90597200000000       0.696216488154804             1978
  -4.90814800000000       0.618914767809821             1979
  -4.90701600000000       0.618588260959877             1980
  -4.90850200000000       0.619308445421477             1981
  -4.91005100000000       0.617662152184878             1982
  -4.91410200000000       0.614412941801429             1983
  -4.91992200000000       0.610637909267339             1984
  -4.91468000000000       0.597218860850410             1985
  -4.92100200000000       0.605441715393239             1986
  -4.92249900000000       0.604823333681304             1987
  -4.92534200000000       0.658230739616501             1988
  -4.92097000000000       0.643973071363046             1989
  -4.92566700000000       0.599370153121505             1990
  -4.92673900000000       0.598867084177005             1991
