  -4.22934500000000       0.618690577528237             3891
  -4.46404600000000       0.623718446820752             3892
  -4.62759300000000       0.570874162221329             3893
  -4.62826000000000       0.572748408479165             3894
  -4.62703500000000       0.573355102921774             3895
  -4.71546900000000       0.574902379362411             3896
  -4.76920100000000       0.578241272955428             3897
  -4.77555200000000       0.579804493000652             3898
  -4.77638100000000       0.580106065336311             3899
  -4.79084500000000       0.580140288251816             3900
  -4.80588500000000       0.576006466783284             3901
  -4.79625800000000       0.585922754603933             3902
  -4.80995800000000       0.582220429162423             3903
  -4.81006900000000       0.581523634392178             3904
  -4.81403200000000       0.579040859666904             3905
  -4.81738600000000       0.583168597334652             3906
  -4.81757100000000       0.584157276119770             3907
  -4.81993600000000       0.590509494822346             3908
  -4.82304500000000       0.597809364990924             3909
  -4.82503700000000       0.601821025543963             3910
  -4.82789100000000       0.605272284795023             3911
  -4.82927100000000       0.604332012807908             3912
  -4.82965100000000       0.604518370358389             3913
  -4.82965900000000       0.604246898560437             3914
  -4.82990600000000       0.603817842036975             3915
  -4.82993100000000       0.603705319721092             3916
