 -0.233826000000000       0.784220600967902             1372
  -4.33694900000000       0.789289007175374             1373
  -4.59944800000000       0.788882596702665             1374
  -4.78997700000000       0.792748895828689             1375
  -4.79353200000000       0.793773081160987             1376
  -4.79296400000000       0.794465620088047             1377
  -4.81190300000000       0.777329904235182             1378
  -4.84353800000000       0.789216881048965             1379
  -4.84829800000000       0.787751793460469             1380
  -4.86235500000000       0.786995396184959             1381
  -4.87889500000000       0.787381554913929             1382
  -4.87891000000000       0.786545102125298             1383
  -4.88217800000000       0.785531321177435             1384
  -4.88554200000000       0.784401135140692             1385
  -4.88661600000000       0.784318282512595             1386
  -4.88663400000000       0.783287747868122             1387
  -4.88697000000000       0.780521039638540             1388
  -4.88734700000000       0.780281021888352             1389
  -4.88757400000000       0.778964569399621             1390
  -4.88787100000000       0.775901811729358             1391
  -4.88786100000000       0.778913976659381             1392
  -4.88797000000000       0.778112684891810             1393
  -4.88831800000000       0.777467995504544             1394
  -4.88884400000000       0.778479015351838             1395
  -4.88898900000000       0.778615808868619             1396
