  -1.03183700000000       0.711991763949857             4115
  -4.33387300000000       0.583043534765437             4116
  -4.66596200000000       0.513550304055001             4117
  -4.85142900000000       0.425163243268214             4118
  -4.85159200000000       0.425038237353508             4119
  -4.85165200000000       0.424907172265966             4120
  -4.86053700000000       0.148293642574657             4121
  -4.87539900000000       0.286204729729845             4122
  -4.87731000000000       0.285628178659519             4123
  -4.88401400000000       0.512472526764509             4124
  -4.89167200000000       0.513015918997969             4125
  -4.89177800000000       0.512929639888582             4126
  -4.89178200000000       0.513145304726182             4127
  -4.89218800000000       0.513369430238870             4128
  -4.89230800000000       0.513387407435907             4129
