  -1.86482600000000       0.736763182910479             1046
  -4.23994900000000       0.737945818144840             1047
  -4.68953100000000       0.737230835648957             1048
  -4.83505400000000       0.737135892280881             1049
  -4.86145600000000       0.737388868475641             1050
  -4.86321900000000       0.737428534019156             1051
  -4.86323600000000       0.737424206716473             1052
  -4.86323600000000       0.737770366044004             1053
  -4.86330900000000       0.738649591957086             1054
  -4.86350400000000       0.739427276961269             1055
  -4.86361700000000       0.739455582055514             1056
  -4.86368700000000       0.739468520689263             1057
