  -4.35878500000000       0.808091061729970             5266
  -4.73679600000000       0.799480909445022             5267
  -4.88941800000000       0.782513719995538             5268
  -4.90233700000000       0.785394523316077             5269
  -4.90339000000000       0.786470060595643             5270
  -4.90338900000000       0.786418342005483             5271
  -4.90338900000000       0.786420379265126             5272
  -4.90378200000000       0.787038157620816             5273
  -4.90462100000000       0.788833887576359             5274
  -4.90482700000000       0.792204341679099             5275
  -4.90496800000000       0.790977709070122             5276
  -4.90508500000000       0.791651370038213             5277
  -4.90527000000000       0.793695786785695             5278
  -4.90540400000000       0.794473713940341             5279
  -4.90565300000000       0.796861216736923             5280
  -4.90545700000000       0.801856152224797             5281
  -4.90569600000000       0.798260496601519             5282
  -4.90576000000000       0.798736456064287             5283
  -4.90595200000000       0.800183861507607             5284
  -4.90634400000000       0.803151226494133             5285
  -4.90716600000000       0.809294247742927             5286
  -4.90863500000000       0.821407366859247             5287
  -4.90973900000000       0.831103439378099             5288
  -4.90980500000000       0.830604765591990             5289
  -4.91010700000000       0.830341723695642             5290
  -4.91091700000000       0.829386242453648             5291
  -4.91204800000000       0.827946016391666             5292
  -4.91216500000000       0.860302923116988             5293
  -4.91250700000000       0.858537923034563             5294
  -4.91351800000000       0.857014613134809             5295
  -4.91610400000000       0.852437592073198             5296
  -4.91898000000000       0.843452730884373             5297
  -4.91913100000000       0.806630662121672             5298
  -4.92012700000000       0.802424908028850             5299
  -4.92019800000000       0.800943018038342             5300
  -4.92048300000000       0.800736011271002             5301
  -4.92078800000000       0.800265014667613             5302
  -4.92105000000000       0.800170026721060             5303
  -4.92166100000000       0.800035678201316             5304
  -4.92207800000000       0.800280388334358             5305
  -4.92221900000000       0.800156457500713             5306
  -4.92256400000000       0.799779869750556             5307
  -4.92292000000000       0.798977568985556             5308
  -4.92293900000000       0.798736474266903             5309
  -4.92304300000000       0.797979890621116             5310
  -4.92323100000000       0.795727004453552             5311
