  -4.44671100000000       0.814647648832873             2194
  -4.66477300000000       0.813191748764860             2195
  -4.83336200000000       0.825561804009820             2196
  -4.83888100000000       0.827743798681376             2197
  -4.83907700000000       0.828761683033968             2198
  -4.83901300000000       0.830342140156404             2199
  -4.85464100000000       0.833418448086618             2200
  -4.88426000000000       0.698440203269709             2201
  -4.88752400000000       0.832342942696367             2202
  -4.89357400000000       0.841001059716570             2203
  -4.91327800000000       0.850116976701297             2204
  -4.92657900000000       0.853025835438901             2205
  -4.89708100000000       0.853839893049444             2206
  -4.92853600000000       0.716469707860259             2207
  -4.94374500000000       0.754198917290728             2208
  -4.98154300000000       0.803135507517502             2209
  -4.93813400000000       0.788587624167594             2210
  -4.99809100000000       0.787864369083709             2211
  -5.00584000000000       0.786215211029059             2212
  -5.01205100000000       0.786071185842197             2213
  -5.01684500000000       0.781087068789464             2214
  -5.02263300000000       0.769340405228784             2215
  -5.01979600000000       0.777572470788831             2216
  -5.02359900000000       0.777881534550173             2217
  -5.02362900000000       0.777944023034150             2218
  -5.02363000000000       0.777830561976352             2219
  -5.02375300000000       0.777838467028847             2220
  -5.02395400000000       0.778838391328651             2221
