  -4.99595900000000       0.530288930880486              674
  -4.99686100000000       0.530288384568962              675
  -4.99834700000000       0.530287184697309              676
  -4.99975600000000       0.530287578659776              677
  -4.99952200000000       0.529841544102253              678
  -5.02976800000000       0.529301947864374              679
  -5.06217100000000       0.529230420301609              680
  -5.06467400000000       0.529213420651143              681
  -5.06474300000000       0.529219772942630              682
  -5.06478300000000       0.529189483063850              683
  -5.06890100000000       0.529392008157688              684
  -5.07197700000000       0.529294775335027              685
  -5.07245300000000       0.529534779601759              686
  -5.07421600000000       0.530844428595565              687
  -5.07848500000000       0.533785800951865              688
  -5.08141700000000       0.532926015699974              689
  -5.08141800000000       0.533445662153313              690
  -5.08373000000000       0.533736221458776              691
  -5.08465400000000       0.534072152361499              692
  -5.08354400000000       0.533859358482284              693
  -5.08480200000000       0.533854327248636              694
  -5.08480300000000       0.533808343412377              695
  -5.08492000000000       0.533808343412377              696
