  -4.42833100000000       0.620181625543329             1251
  -4.49437600000000       0.624593161427283             1252
  -4.57721700000000       0.632710333974973             1253
  -4.60693200000000       0.630299941262885             1254
  -4.61283500000000       0.629595176057631             1255
  -4.61189200000000       0.627703458671876             1256
  -4.69291900000000       0.624828925913358             1257
  -4.76204900000000       0.624145201319943             1258
  -4.77110700000000       0.623532712931032             1259
  -4.77345100000000       0.623245044075768             1260
  -4.77343100000000       0.621613731190832             1261
  -4.78703200000000       0.619745198654575             1262
  -4.79552300000000       0.615815517510622             1263
  -4.79531000000000       0.618310639097794             1264
  -4.79836800000000       0.617634647099934             1265
  -4.79877400000000       0.616155729485387             1266
  -4.80126100000000       0.615279617292931             1267
  -4.80158300000000       0.615298576675612             1268
  -4.80158500000000       0.615613353809639             1269
  -4.80181600000000       0.615549387934009             1270
  -4.80182700000000       0.615497114987832             1271
