  -4.07807100000000       0.820729815189371             1993
  -4.56727800000000       0.697579278171487             1994
  -4.74940000000000       0.815344211900056             1995
  -4.76752000000000       0.813800434123326             1996
  -4.76956000000000       0.813156055428972             1997
  -4.76953000000000       0.812972667439925             1998
  -4.78044600000000       0.754123618347774             1999
  -4.80282500000000       0.756341999874679             2000
  -4.80595700000000       0.753160450071937             2001
  -4.81081500000000       0.752748853260995             2002
  -4.82002300000000       0.751229421839362             2003
  -4.83030300000000       0.794013494780780             2004
  -4.83053900000000       0.747901411386196             2005
  -4.84013900000000       0.721898684531082             2006
  -4.85055100000000       0.774178433864637             2007
  -4.86164900000000       0.769829468131872             2008
  -4.87199000000000       0.798367511132712             2009
  -4.86002700000000       0.785950434102405             2010
  -4.87376400000000       0.795919206600336             2011
  -4.88820700000000       0.799998880896094             2012
  -4.90539300000000       0.738633117215824             2013
  -4.89491300000000       0.778823731771188             2014
  -4.91004000000000       0.750797313452304             2015
  -4.91777700000000       0.759899626156291             2016
  -4.92603700000000       0.773029356255995             2017
  -4.93132000000000       0.783108433317128             2018
  -4.93194100000000       0.782119227465710             2019
  -4.93579300000000       0.783436258489706             2020
  -4.93969800000000       0.784288556658521             2021
  -4.94012700000000       0.785380256072874             2022
  -4.94224200000000       0.785902105870491             2023
  -4.94249300000000       0.786072302894264             2024
  -4.94250600000000       0.786362708046363             2025
  -4.94274600000000       0.787029409800826             2026
  -4.94290800000000       0.787333543170401             2027
