 -0.195054000000000       0.705647574596238             2429
  -4.23407700000000       0.559204724494405             2430
  -4.70922600000000       0.447739737453133             2431
  -4.87205500000000       0.446596137778292             2432
  -4.89595400000000       0.447469523733088             2433
  -4.89777300000000       0.447604201000568             2434
  -4.89776800000000       0.446808629404311             2435
  -4.89942500000000       0.444768653566227             2436
  -4.90430000000000       0.441301385879564             2437
  -4.91364500000000       0.435817828819589             2438
  -4.92729500000000       0.431538076582131             2439
  -4.91114300000000       0.467348086848426             2440
  -4.92696900000000       0.444842557268402             2441
  -4.92911900000000       0.446563474376614             2442
  -4.93569800000000       0.453508356549912             2443
  -4.94933900000000       0.400255841894337             2444
  -4.97374900000000       0.457706546794597             2445
  -4.99056500000000       0.531845067986200             2446
  -5.00923100000000       0.538471538908814             2447
  -5.01179400000000       0.540533036702530             2448
  -5.01196700000000       0.540261984692987             2449
  -5.01699200000000       0.539505853891771             2450
  -5.02788200000000       0.537553790182014             2451
  -5.02219700000000       0.535035715888279             2452
  -5.03027000000000       0.536494086796738             2453
  -5.03272000000000       0.536239205310988             2454
  -5.03963800000000       0.535599338022597             2455
  -5.05042100000000       0.534822784262899             2456
  -5.05449100000000       0.535313107334963             2457
  -5.05696600000000       0.534773183581921             2458
  -5.05716000000000       0.534855196201061             2459
  -5.06263200000000       0.535000789692700             2460
  -5.06490500000000       0.535173941028171             2461
  -5.06498100000000       0.535152092465872             2462
  -5.06526100000000       0.535299636831054             2463
  -5.06565700000000       0.535596536585931             2464
  -5.06566300000000       0.536106686305709             2465
  -5.06581200000000       0.535861525916729             2466
  -5.06603900000000       0.535994386132811             2467
  -5.06656800000000       0.536364446292633             2468
  -5.06694200000000       0.536968701058842             2469
  -5.06694800000000       0.536916703558604             2470
  -5.06703200000000       0.536930661012890             2471
