  -4.47360300000000       0.644982872368158             4060
  -4.69688600000000       0.588047634292739             4061
  -4.86767100000000       0.476935181088435             4062
  -4.87087100000000       0.476561589131565             4063
  -4.87098200000000       0.476746137325347             4064
  -4.87799900000000       0.455567981112585             4065
  -4.89366700000000       0.456729655554100             4066
  -4.90424300000000       0.533968820342013             4067
  -4.91252500000000       0.590930040206496             4068
  -4.91597400000000       0.594642989657638             4069
  -4.92198200000000       0.482918498642563             4070
  -4.93285400000000       0.501983749162306             4071
  -4.91485900000000       0.503982184785118             4072
  -4.93461900000000       0.520013186128913             4073
  -4.94015800000000       0.453200194845172             4074
  -4.95167700000000       0.465821326584949             4075
  -4.95277900000000       0.544510786840699             4076
  -4.95578400000000       0.511020439833730             4077
  -4.96227300000000       0.536937291813647             4078
  -4.97933700000000       0.600982333817201             4079
  -4.99255300000000       0.665966321551925             4080
  -4.99374200000000       0.653328023512915             4081
  -4.99387300000000       0.657511449820725             4082
  -5.00335100000000       0.669736404184529             4083
  -5.01246700000000       0.683444094589972             4084
  -5.01257000000000       0.684277006985903             4085
  -5.01608500000000       0.688054723870159             4086
  -5.01772900000000       0.691449919699981             4087
  -5.01781400000000       0.692285762841079             4088
  -5.01964300000000       0.697199735696154             4089
  -5.01964500000000       0.697059953127257             4090
  -5.02116400000000       0.701101020825964             4091
  -5.02232400000000       0.706877129365314             4092
  -5.02234400000000       0.707615563902274             4093
  -5.02296300000000       0.709962419099696             4094
  -5.02303000000000       0.710859787431669             4095
  -5.02322100000000       0.712543006973792             4096
  -5.02325900000000       0.712079279274816             4097
