  -4.21692000000000       0.763864081671394             2843
  -4.62978900000000       0.771143356640857             2844
  -4.83273900000000       0.766047830745970             2845
  -4.83766200000000       0.765877072264761             2846
  -4.83827200000000       0.771012260563768             2847
  -4.84936700000000       0.786074653240305             2848
  -4.87900200000000       0.809610614222480             2849
  -4.91201000000000       0.718996283481927             2850
  -4.89787300000000       0.764317237602898             2851
  -4.92484600000000       0.756679114890873             2852
  -4.92432500000000       0.761779587215880             2853
  -4.92501700000000       0.745576195734282             2854
  -4.93539100000000       0.740081422800562             2855
  -4.93654700000000       0.729396801853816             2856
  -4.93479500000000       0.737865743975162             2857
  -4.93672900000000       0.735109517254892             2858
  -4.94167300000000       0.729799868407438             2859
  -4.94564000000000       0.741355891270830             2860
  -4.94635900000000       0.741022755368308             2861
  -4.95158300000000       0.754955165837179             2862
  -4.96408100000000       0.787274611981968             2863
  -4.93058700000000       0.812568899487693             2864
  -4.96517400000000       0.782723731728781             2865
  -4.96585500000000       0.788105262685815             2866
  -4.96906300000000       0.792261032331762             2867
  -4.97128800000000       0.796428960015845             2868
  -4.97535800000000       0.790742543504713             2869
  -4.98430300000000       0.782713981733652             2870
  -4.98310900000000       0.789822028293094             2871
  -4.98708700000000       0.788787502271593             2872
  -4.98910000000000       0.791042057008265             2873
  -4.99078300000000       0.794223884954506             2874
  -4.99097400000000       0.793852658639951             2875
