  -4.34605600000000       0.613528326041221             1610
  -4.77555800000000       0.615928835161579             1611
  -4.91239700000000       0.612808644547657             1612
  -4.93689000000000       0.613008108653198             1613
  -4.93905100000000       0.613252542292786             1614
  -4.93905200000000       0.613232431611499             1615
  -4.93905200000000       0.614402191662968             1616
  -4.94123400000000       0.617470007888573             1617
  -4.94762300000000       0.621340042570832             1618
  -4.96337500000000       0.616995584644286             1619
  -4.97539000000000       0.618286316362913             1620
  -4.97674900000000       0.613948480987068             1621
  -4.97982800000000       0.612118496202089             1622
  -4.97991200000000       0.612127598956970             1623
  -4.98218900000000       0.556964457551889             1624
  -4.98367100000000       0.554841002037095             1625
  -4.98367800000000       0.554082723755389             1626
  -4.98395300000000       0.553508247573044             1627
