  -4.38420800000000       0.672874588735717             1647
  -4.87521100000000       0.672874588735717             1648
  -5.00422700000000       0.672874588735717             1649
  -5.04614700000000       0.672874588735717             1650
  -5.04887400000000       0.672874588735717             1651
  -5.04891700000000       0.672874588735717             1652
  -5.04891500000000       0.672874588735717             1653
  -5.05144300000000       0.672874588735717             1654
  -5.05539800000000       0.672874588735717             1655
  -5.05549500000000       0.672874588735717             1656
  -5.05552900000000       0.672874588735717             1657
  -5.05553100000000       0.672874588735717             1658
  -5.05567700000000       0.672874588735717             1659
