  -4.33218000000000       0.596644652285622             3126
  -4.53571500000000       0.603456688763151             3127
  -4.68295900000000       0.541855417708466             3128
  -4.68377100000000       0.540760716365117             3129
  -4.68274700000000       0.533361219863958             3130
  -4.81731400000000       0.538596042505768             3131
  -4.85603100000000       0.536736076830368             3132
  -4.86419300000000       0.551955283606062             3133
  -4.86817000000000       0.549846561582038             3134
  -4.86864100000000       0.547243446423950             3135
  -4.86870700000000       0.545979672754997             3136
  -4.87795500000000       0.541555269492298             3137
  -4.89093200000000       0.543966175240547             3138
  -4.89395900000000       0.542193332010974             3139
  -4.89886600000000       0.542617645171092             3140
  -4.89913200000000       0.544628460714808             3141
  -4.90139000000000       0.546903638935528             3142
  -4.90529900000000       0.539717337010927             3143
  -4.90727800000000       0.538275344831630             3144
  -4.91260600000000       0.534844081128536             3145
  -4.91985200000000       0.532425493978612             3146
  -4.91214300000000       0.532471304486947             3147
  -4.92100800000000       0.532110123701633             3148
  -4.92288200000000       0.531955272730540             3149
  -4.92800900000000       0.532042870619204             3150
  -4.93581900000000       0.530492712260090             3151
  -4.93806900000000       0.515024539402722             3152
  -4.93944600000000       0.524054036406683             3153
  -4.94510700000000       0.523249003071633             3154
  -4.94897900000000       0.521929035791134             3155
  -4.94903800000000       0.521754148438043             3156
  -4.95141100000000       0.520963270858075             3157
  -4.95566400000000       0.518503629561982             3158
  -4.95600000000000       0.517502227317301             3159
  -4.95824100000000       0.516048529008114             3160
  -4.96311700000000       0.491323096635211             3161
  -4.96563200000000       0.504816806655585             3162
  -4.96712100000000       0.507364971803203             3163
  -4.97127700000000       0.514685735008493             3164
  -4.97720900000000       0.528457369254430             3165
  -4.97507000000000       0.545687411885263             3166
  -4.97881500000000       0.535828595465939             3167
  -4.98214300000000       0.536414962858408             3168
  -4.98827500000000       0.537909512864174             3169
  -4.98237600000000       0.539910725858126             3170
  -4.98913600000000       0.538431943319048             3171
  -4.99252100000000       0.538579897352061             3172
  -4.99779800000000       0.539194526780419             3173
  -4.99789400000000       0.539324034362001             3174
  -4.99897300000000       0.539486182264763             3175
  -4.99918500000000       0.539550780590875             3176
  -4.99959900000000       0.539758250161288             3177
  -4.99971800000000       0.539937529428719             3178
  -4.99998900000000       0.540263172295592             3179
  -5.00050100000000       0.541126361255344             3180
  -5.00019600000000       0.542421679181658             3181
  -5.00059200000000       0.541597298264393             3182
  -5.00078800000000       0.541848061395074             3183
  -5.00095600000000       0.542335157358979             3184
