  -4.19173900000000       0.809054235594103             5104
  -4.57732300000000       0.772501380458916             5105
  -4.79383100000000       0.770719492162456             5106
  -4.79422000000000       0.770742847662966             5107
  -4.79433700000000       0.771769081428645             5108
  -4.80875300000000       0.775798953762648             5109
  -4.83546000000000       0.784522508263123             5110
  -4.83204800000000       0.775149148213245             5111
  -4.84191200000000       0.783441823232662             5112
  -4.84810200000000       0.781701771312122             5113
  -4.85191500000000       0.778399320048732             5114
  -4.85495500000000       0.778105235049274             5115
  -4.85656900000000       0.779127247716548             5116
  -4.85660600000000       0.779273631697474             5117
  -4.85745500000000       0.779192931210470             5118
  -4.85928600000000       0.778856007335052             5119
  -4.85996800000000       0.779426176202856             5120
  -4.86017000000000       0.779178558306502             5121
  -4.86057500000000       0.779086462567064             5122
  -4.86169200000000       0.778923463725935             5123
  -4.86346100000000       0.778839897919440             5124
  -4.86493400000000       0.780454963858578             5125
  -4.86591100000000       0.780501147305998             5126
  -4.86775800000000       0.782004447931199             5127
  -4.86586400000000       0.790500542700854             5128
  -4.86804000000000       0.783713399804900             5129
  -4.86899600000000       0.784412888779436             5130
  -4.86929900000000       0.785093185797146             5131
  -4.87023200000000       0.809220297218035             5132
  -4.87256100000000       0.788342336085397             5133
  -4.87478500000000       0.815175893533454             5134
  -4.87545800000000       0.816524585019268             5135
  -4.87707100000000       0.821123450692668             5136
  -4.87788400000000       0.832546845489893             5137
  -4.88091200000000       0.837556428456508             5138
  -4.88524500000000       0.854721821180518             5139
  -4.88956400000000       0.861766720665685             5140
  -4.89177800000000       0.858978123475170             5141
  -4.89433900000000       0.869692846883230             5142
  -4.89452900000000       0.873983231754153             5143
  -4.89720300000000       0.876534834310050             5144
  -4.89997300000000       0.871332268242738             5145
  -4.90231900000000       0.879480696800570             5146
  -4.90280700000000       0.883848902683746             5147
  -4.90397800000000       0.885962755495891             5148
  -4.90546500000000       0.890194455861538             5149
  -4.90628000000000       0.891719499573928             5150
  -4.90690200000000       0.894125913154496             5151
  -4.90748500000000       0.895136088040607             5152
  -4.90850400000000       0.897476745825032             5153
  -4.90860900000000       0.898329574385461             5154
  -4.90920200000000       0.897943968944367             5155
  -4.91072100000000       0.896574637398294             5156
  -4.91241600000000       0.893178209370855             5157
  -4.91292000000000       0.892529516255935             5158
  -4.91426800000000       0.890523336304675             5159
  -4.91633100000000       0.886218481209447             5160
  -4.91774100000000       0.876815248156695             5161
  -4.91850000000000       0.875121250261238             5162
