  -4.17223200000000       0.710550322178403             1161
  -4.53634100000000       0.709476795204578             1162
  -4.76758100000000       0.717703271120581             1163
  -4.76762500000000       0.717809755790153             1164
  -4.76762700000000       0.717837673984604             1165
  -4.76794600000000       0.717923966150740             1166
  -4.76874000000000       0.718224616732189             1167
  -4.76958100000000       0.718982912807095             1168
  -4.76965100000000       0.719042825313242             1169
  -4.77025100000000       0.719727502421591             1170
  -4.77109700000000       0.723987851937818             1171
  -4.77163400000000       0.727133517857896             1172
  -4.77181700000000       0.731750242466460             1173
