 -0.199075000000000       0.567101937640502              612
  -4.42564500000000       0.588034444923710              613
  -4.67577300000000       0.638769774900087              614
  -4.85732800000000       0.644970098966503              615
  -4.86007700000000       0.651447628026904              616
  -4.86010100000000       0.648600680206270              617
  -4.86061600000000       0.648813965631331              618
  -4.86060900000000       0.654219283468407              619
  -4.86210900000000       0.664526291419056              620
  -4.86400700000000       0.685940763498619              621
  -4.86659300000000       0.727599753347266              622
  -4.86622300000000       0.703864331784287              623
  -4.86781800000000       0.715993911015450              624
  -4.86732800000000       0.709517423255161              625
  -4.86790900000000       0.706726743710148              626
  -4.86795900000000       0.707491303138008              627
  -4.86796400000000       0.713802156671531              628
  -4.86848100000000       0.714401846443067              629
  -4.86849700000000       0.715756911567445              630
  -4.86856800000000       0.718443894690456              631
  -4.86862200000000       0.718170021106966              632
  -4.86862200000000       0.717939046092065              633
  -4.86873700000000       0.717131235758283              634
  -4.86911600000000       0.715369283920165              635
  -4.86993800000000       0.711109624685837              636
  -4.87196700000000       0.703771903688195              637
  -4.87656100000000       0.685741267255581              638
  -4.87587900000000       0.576209300023859              639
  -4.87833000000000       0.683855988858632              640
  -4.87849400000000       0.586923141083042              641
  -4.87851500000000       0.588788051635269              642
  -4.87858100000000       0.588403455403990              643
  -4.87875500000000       0.587247284262558              644
  -4.87900000000000       0.585039763111898              645
  -4.87936200000000       0.581481496035075              646
  -4.87964500000000       0.583334690576091              647
  -4.88030500000000       0.587091623185308              648
  -4.88082900000000       0.587459060263073              649
