  -4.19833100000000       0.784612204868167             1797
  -4.68610500000000       0.650639448653060             1798
  -4.84516900000000       0.689346319646350             1799
  -4.87274600000000       0.689769367595739             1800
  -4.87498600000000       0.689933626951251             1801
  -4.87497900000000       0.689692032250461             1802
  -4.87953100000000       0.648817510951263             1803
  -4.88967400000000       0.649819067299406             1804
  -4.89395200000000       0.653185740615732             1805
  -4.89488600000000       0.652010550818489             1806
  -4.89568300000000       0.651998540415298             1807
  -4.89585000000000       0.652015792605993             1808
  -4.89615900000000       0.651830755221911             1809
  -4.89687300000000       0.651384258693415             1810
  -4.89761200000000       0.650310726594365             1811
  -4.89798000000000       0.650689621868687             1812
  -4.89885300000000       0.651930704814478             1813
  -4.89920900000000       0.653260061985060             1814
  -4.89932300000000       0.652768632080157             1815
  -4.89994400000000       0.653940201513577             1816
  -4.90013600000000       0.654666393050465             1817
  -4.90080900000000       0.654509122372454             1818
  -4.90235100000000       0.654877172765966             1819
  -4.90323300000000       0.662573534013527             1820
  -4.90337700000000       0.659509071491351             1821
  -4.90422500000000       0.658240022918681             1822
  -4.90663300000000       0.656305095333624             1823
  -4.90945500000000       0.662699858806135             1824
  -4.91051800000000       0.662721369715297             1825
  -4.91316000000000       0.666408657616556             1826
  -4.91613800000000       0.688314236861578             1827
  -4.92282400000000       0.685837875322292             1828
  -4.93608900000000       0.719057795185015             1829
  -4.93534200000000       0.693092464278012             1830
  -4.94032000000000       0.695816587018130             1831
  -4.94068200000000       0.697238147314346             1832
  -4.94782600000000       0.703096010136871             1833
  -4.94852300000000       0.703867096977840             1834
  -4.95336600000000       0.699802623023513             1835
  -4.95553500000000       0.697841621328730             1836
  -4.95565800000000       0.698276947769673             1837
  -4.95684400000000       0.697542567869257             1838
  -4.95807800000000       0.695576844397872             1839
  -4.95720000000000       0.687554994910118             1840
  -4.95841200000000       0.693113493057682             1841
  -4.95870100000000       0.691823394920534             1842
  -4.95883700000000       0.692168769929386             1843
  -4.95893200000000       0.693400842491000             1844
