 -0.672419000000000       0.709418581172634             1313
  -4.21945300000000       0.713049191684024             1314
  -4.66944500000000       0.710628649416371             1315
  -4.82560500000000       0.717332908912997             1316
  -4.84749700000000       0.716968376328500             1317
  -4.84917500000000       0.716978076343660             1318
  -4.84917500000000       0.717310275180322             1319
  -4.84933700000000       0.718261069890836             1320
  -4.84968100000000       0.719948210338787             1321
  -4.84946200000000       0.719001647555284             1322
  -4.84978700000000       0.719001616970299             1323
