  -4.18327700000000       0.900285072858556             5219
  -4.61841500000000       0.826589649162361             5220
  -4.80950800000000       0.843870780575908             5221
  -4.81852500000000       0.846319804391641             5222
  -4.81945000000000       0.847362541610671             5223
  -4.81944200000000       0.849775432376225             5224
  -4.82775400000000       0.859148590008332             5225
  -4.84800700000000       0.920843992398971             5226
  -4.86662200000000       0.967832310368142             5227
  -4.87287600000000       0.974891837262319             5228
  -4.87711800000000       0.980199166599419             5229
  -4.88065900000000       0.981055867896105             5230
  -4.88177700000000       0.980641787198643             5231
  -4.88437800000000       0.977929464784651             5232
  -4.89035100000000       0.931074083014043             5233
  -4.89061100000000       0.933678602602933             5234
  -4.89265500000000       0.931626737429691             5235
  -4.89542900000000       0.929402615377713             5236
  -4.89661000000000       0.925831999121960             5237
  -4.89917800000000       0.918227014234893             5238
  -4.90116700000000       0.907045058022251             5239
  -4.90294200000000       0.898433060709185             5240
  -4.90393300000000       0.889178741895177             5241
  -4.90582500000000       0.886430029800983             5242
  -4.90768400000000       0.872200888522484             5243
  -4.90869500000000       0.864652610334630             5244
  -4.90870400000000       0.863021040845577             5245
  -4.90951500000000       0.858788837021052             5246
  -4.90982800000000       0.855155218092418             5247
  -4.90983100000000       0.855144392488212             5248
  -4.91002300000000       0.853910550299459             5249
  -4.91006400000000       0.853054315497440             5250
  -4.91020000000000       0.852799142272574             5251
  -4.91051700000000       0.851477804523703             5252
  -4.91072900000000       0.846574166129726             5253
  -4.91085300000000       0.845998878155268             5254
  -4.91119100000000       0.844207241741815             5255
  -4.91177700000000       0.841933293664135             5256
  -4.91241900000000       0.841738730888451             5257
  -4.91311000000000       0.844301437464249             5258
  -4.91336000000000       0.847345560395152             5259
  -4.91338000000000       0.847127607288739             5260
  -4.91375700000000       0.848242013744861             5261
  -4.91377800000000       0.848431932177056             5262
  -4.91387100000000       0.847550195519736             5263
  -4.91393100000000       0.846366765809633             5264
