  -4.24038700000000       0.776254871845310             3609
  -4.57027100000000       0.799576716921074             3610
  -4.79999800000000       0.774059637623806             3611
  -4.80193200000000       0.775915017635115             3612
  -4.80198500000000       0.783052826841036             3613
  -4.82638200000000       0.790043849744722             3614
  -4.86453800000000       0.778064416218643             3615
  -4.87039400000000       0.782437055677089             3616
  -4.87588000000000       0.782920388711656             3617
  -4.89158100000000       0.786976687713346             3618
  -4.89778800000000       0.788089935508576             3619
  -4.89811600000000       0.789355075615482             3620
  -4.90378700000000       0.793517303298405             3621
  -4.91555300000000       0.805075650061056             3622
  -4.90576300000000       0.808628238488460             3623
  -4.91714400000000       0.811371432155788             3624
  -4.92032500000000       0.809528250346908             3625
  -4.92034600000000       0.809784393374223             3626
  -4.92116500000000       0.808163593912657             3627
  -4.92119400000000       0.807847392750911             3628
  -4.92149200000000       0.806447814574812             3629
  -4.92153900000000       0.805703847291178             3630
  -4.92174600000000       0.804460300571842             3631
  -4.92180200000000       0.803229462277501             3632
  -4.92204000000000       0.802030100949006             3633
  -4.92252500000000       0.797981544281018             3634
  -4.92324600000000       0.788664429681236             3635
  -4.92595900000000       0.721335728443312             3636
  -4.94048500000000       0.687166323913859             3637
  -4.94214400000000       0.717914806058781             3638
  -4.95228400000000       0.704038072894980             3639
  -4.95439400000000       0.790955459384891             3640
  -4.95440700000000       0.790640710455555             3641
  -4.95444600000000       0.789762268958324             3642
  -4.95451800000000       0.788016700078827             3643
  -4.95464300000000       0.784545514521140             3644
  -4.95480600000000       0.777697316567502             3645
  -4.95473200000000       0.767631637086870             3646
  -4.95484400000000       0.773518548406826             3647
  -4.95506700000000       0.773417885752366             3648
  -4.95573300000000       0.773011611673182             3649
  -4.95705000000000       0.772200863809988             3650
  -4.95963200000000       0.770562772923534             3651
  -4.96457900000000       0.745604715064672             3652
  -4.97360300000000       0.752413973724138             3653
  -4.98825300000000       0.740539066376130             3654
  -5.00174100000000       0.597187747180583             3655
  -5.01311800000000       0.555196663562500             3656
  -5.03470900000000       0.526975266589586             3657
  -5.03708700000000       0.518240027012233             3658
  -5.04436100000000       0.561136228488882             3659
  -5.05198700000000       0.556883040604634             3660
  -5.05546700000000       0.556502372528309             3661
  -5.05571300000000       0.556784132685896             3662
  -5.05608800000000       0.556882706173401             3663
  -5.05610900000000       0.556691243505029             3664
  -5.05629300000000       0.555975455153352             3665
  -5.05643700000000       0.555434443318247             3666
  -5.05657400000000       0.555539930421027             3667
