  -4.47449300000000       0.600501154296634              285
  -4.85097900000000       0.567355915889167              286
  -5.02620000000000       0.567655150561795              287
  -5.03422700000000       0.568283842064174              288
  -5.03472000000000       0.568318350297991              289
  -5.03472200000000       0.568113229876656              290
  -5.03507100000000       0.567652399994050              291
  -5.03588000000000       0.566832139582687              292
  -5.03641000000000       0.566720888076597              293
  -5.03677700000000       0.564886203480844              294
  -5.03736300000000       0.563858143432180              295
  -5.03786000000000       0.561018023223624              296
  -5.03827900000000       0.558225656641185              297
  -5.03875000000000       0.550632826750337              298
  -5.04035500000000       0.539396196479256              299
  -5.04738300000000       0.532546365092307              300
  -5.05815200000000       0.533387422200394              301
  -5.06922500000000       0.529895851333334              302
  -5.06814800000000       0.529227612988421              303
  -5.06459100000000       0.529452789976341              304
  -5.06770400000000       0.529460750319133              305
  -5.06779400000000       0.529588551897789              306
  -5.06802400000000       0.529890301454249              307
  -5.06830100000000       0.530633484528257              308
  -5.06855300000000       0.532261916396435              309
  -5.06938900000000       0.533031078571387              310
  -5.06928700000000       0.532768423005433              311
  -5.07034800000000       0.532738167625809              312
  -5.07021400000000       0.532864535386837              313
  -5.07029700000000       0.532836507314941              314
  -5.07133300000000       0.532791592589234              315
  -5.07425700000000       0.532695970988907              316
  -5.07908200000000       0.532461708156295              317
  -5.08442000000000       0.532404099865349              318
  -5.08483600000000       0.532469865377154              319
  -5.08544800000000       0.532654200111549              320
  -5.08652000000000       0.532834818942176              321
  -5.08663800000000       0.532913593436031              322
  -5.08708700000000       0.533077170215827              323
  -5.08801000000000       0.533397522860738              324
  -5.08784400000000       0.533245585326512              325
  -5.08826200000000       0.533326389678937              326
