 -0.857479000000000       0.981398769006117             4681
  -4.24828800000000       0.971467470121799             4682
  -4.70751000000000       0.967467820022718             4683
  -4.85576900000000       0.959395736352318             4684
  -4.88087900000000       0.961145693943770             4685
  -4.88313300000000       0.961832182597338             4686
  -4.88313000000000       0.961798675039014             4687
  -4.88313000000000       0.961798648171208             4688
  -4.88419100000000       0.963023690422956             4689
  -4.88663200000000       0.966638120243175             4690
  -4.88921300000000       0.973627780333654             4691
  -4.88933900000000       0.975862715359396             4692
  -4.89028700000000       0.979041591298938             4693
  -4.89032700000000       0.979758132813750             4694
  -4.89041600000000       0.980693620154582             4695
