  -4.29803300000000       0.823919501012950             3022
  -4.61713800000000       0.821348584756746             3023
  -4.83527700000000       0.817320488592804             3024
  -4.83599200000000       0.817155473505133             3025
  -4.83603600000000       0.817091689283160             3026
  -4.83892900000000       0.817453950519115             3027
  -4.84738500000000       0.818779220607227             3028
  -4.86186900000000       0.822573133339527             3029
  -4.87177400000000       0.834945141109386             3030
  -4.87247800000000       0.831362221211056             3031
  -4.87252400000000       0.832021852500418             3032
  -4.87296700000000       0.832315872750192             3033
  -4.87358300000000       0.871733929430870             3034
  -4.87377100000000       0.871914964612116             3035
  -4.87431400000000       0.872458029745049             3036
  -4.87531200000000       0.873539961410861             3037
  -4.87700600000000       0.875646053542402             3038
  -4.87974400000000       0.879275726158155             3039
  -4.87707600000000       0.877816673254236             3040
  -4.88105800000000       0.880726031580681             3041
