  -4.14318700000000       0.693140777335119             3043
  -4.58710500000000       0.702742102686790             3044
  -4.77668600000000       0.721563221714412             3045
  -4.78747000000000       0.718938320485721             3046
  -4.78836800000000       0.717983766477042             3047
  -4.78836500000000       0.717720957382805             3048
  -4.78950200000000       0.715760797569026             3049
  -4.79258900000000       0.711057740182789             3050
  -4.79722700000000       0.702858092478614             3051
  -4.80306400000000       0.696194903811678             3052
  -4.80497300000000       0.697422819289738             3053
  -4.80498400000000       0.697806219573864             3054
  -4.80583500000000       0.700632476097507             3055
  -4.80705200000000       0.705863409719980             3056
  -4.80706400000000       0.706665458218950             3057
  -4.80728600000000       0.707874576349323             3058
