  -4.38654500000000       0.739263148230035             2830
  -4.72534500000000       0.738799004272816             2831
  -4.91951500000000       0.737211568182029             2832
  -4.92003300000000       0.737283930762668             2833
  -4.92008800000000       0.737308219623246             2834
  -4.92008500000000       0.737305545234703             2835
  -4.92162800000000       0.737601941237527             2836
  -4.92563200000000       0.738359726939503             2837
  -4.92974900000000       0.739297493828106             2838
  -4.92995300000000       0.739413302551873             2839
  -4.93132500000000       0.739489953231081             2840
  -4.93174300000000       0.739509325858706             2841
