 -0.658229000000000       0.941981527848579             5459
  -4.17584800000000       0.950052549344881             5460
  -4.60812600000000       0.764783678527325             5461
  -4.78366600000000       0.775343082346903             5462
  -4.79609500000000       0.899801421505838             5463
  -4.79735400000000       0.899926763924601             5464
  -4.79735000000000       0.899260452358891             5465
  -4.79937600000000       0.863273927142080             5466
  -4.80429800000000       0.755732391255757             5467
  -4.80933500000000       0.755144464599094             5468
  -4.80948000000000       0.755681510664427             5469
  -4.81109800000000       0.858106775989889             5470
  -4.81433300000000       0.859346492362711             5471
  -4.81121600000000       0.855854005987885             5472
  -4.81490900000000       0.857236193571709             5473
  -4.81601600000000       0.858435097799218             5474
  -4.81901100000000       0.860259697368688             5475
  -4.82191900000000       0.858473591040835             5476
  -4.82217600000000       0.858709934008315             5477
  -4.82244200000000       0.797950586409523             5478
  -4.82443100000000       0.801907756878789             5479
  -4.82826800000000       0.781833366240185             5480
  -4.82690700000000       0.788565073770809             5481
  -4.82912600000000       0.784026801124507             5482
  -4.83022300000000       0.785717516690169             5483
  -4.83342000000000       0.862151755231465             5484
  -4.83807700000000       0.863069258747259             5485
  -4.82877800000000       0.856825805831696             5486
  -4.83827700000000       0.860223777084553             5487
  -4.84138900000000       0.860405094745639             5488
  -4.84724300000000       0.871080784238600             5489
  -4.84479200000000       0.852556410544413             5490
  -4.84876800000000       0.857406429743871             5491
  -4.85224700000000       0.860070746967361             5492
  -4.85803600000000       0.864267102673448             5493
  -4.85617600000000       0.859346760032238             5494
  -4.85934900000000       0.861033720672112             5495
  -4.86084300000000       0.863796331674524             5496
  -4.86207400000000       0.867971381499946             5497
  -4.86221400000000       0.879697372430328             5498
  -4.86256500000000       0.877240390591584             5499
  -4.86285600000000       0.878673969309424             5500
  -4.86288300000000       0.879330925244157             5501
  -4.86301300000000       0.880457392019221             5502
