  -4.18960100000000       0.775935341952998             5330
  -4.56386700000000       0.755024029287376             5331
  -4.74930300000000       0.747160796503565             5332
  -4.75206800000000       0.748023500820188             5333
  -4.75264200000000       0.741101351829390             5334
  -4.79478100000000       0.731395752719199             5335
  -4.83086600000000       0.710133057287548             5336
  -4.83190800000000       0.727348882816546             5337
  -4.83863900000000       0.729631244417504             5338
  -4.83931400000000       0.723082745760679             5339
  -4.84661300000000       0.713250756506557             5340
  -4.85377900000000       0.707953753900437             5341
  -4.85432200000000       0.700845178264328             5342
  -4.85889500000000       0.687939344551721             5343
  -4.86237400000000       0.663077232459472             5344
  -4.85973600000000       0.668868301174157             5345
  -4.86302500000000       0.679347108792885             5346
  -4.86697500000000       0.678397462788001             5347
  -4.86732800000000       0.683110937280178             5348
  -4.86958600000000       0.688779063597418             5349
  -4.87136200000000       0.701381205194765             5350
  -4.87161100000000       0.691098075196842             5351
  -4.87214100000000       0.694671683028753             5352
  -4.87442200000000       0.699905807486459             5353
  -4.87844400000000       0.697690072373904             5354
  -4.88115900000000       0.701664604053534             5355
  -4.88832600000000       0.689173667895534             5356
  -4.89648600000000       0.687306476830317             5357
  -4.89719600000000       0.685310523811121             5358
  -4.90012800000000       0.683653140331277             5359
  -4.90139400000000       0.679833575712427             5360
  -4.90355200000000       0.688136727003673             5361
  -4.90570600000000       0.680928851524421             5362
  -4.90671900000000       0.677927008908255             5363
  -4.90707400000000       0.672281162797833             5364
  -4.90703000000000       0.674999558576734             5365
  -4.90721300000000       0.673195485533791             5366
  -4.90775600000000       0.671777259582875             5367
  -4.90801200000000       0.673784175784687             5368
  -4.90833700000000       0.675602803976484             5369
  -4.90920200000000       0.680122213128828             5370
  -4.91040900000000       0.689152686592924             5371
  -4.91024700000000       0.697236422405892             5372
  -4.91080700000000       0.691803270884724             5373
  -4.91192200000000       0.693985040110341             5374
  -4.91418200000000       0.699660262124442             5375
  -4.91370200000000       0.706315211595583             5376
  -4.91487400000000       0.701504301596072             5377
  -4.91567700000000       0.701361355664895             5378
  -4.91770700000000       0.701885936058990             5379
  -4.92004400000000       0.705781202765640             5380
  -4.92021500000000       0.708534592134441             5381
  -4.92288100000000       0.714046879287246             5382
  -4.92903600000000       0.713665090355031             5383
  -4.92489000000000       0.715267307735683             5384
  -4.93050000000000       0.716094153857799             5385
  -4.93681600000000       0.720720972714339             5386
  -4.93801700000000       0.721138946334517             5387
  -4.94352100000000       0.723726508288568             5388
