  -4.37646700000000       0.695434074376343              441
  -4.75115600000000       0.700018870427348              442
  -4.93345000000000       0.698629494040432              443
  -4.93838000000000       0.698642268888652              444
  -4.93854600000000       0.698680556994574              445
  -4.93854600000000       0.696097776078131              446
  -4.93889600000000       0.688499339768831              447
  -4.93972900000000       0.673721307016805              448
  -4.94175300000000       0.645745537976405              449
  -4.94601400000000       0.598040610163330              450
  -4.95077900000000       0.543923194648046              451
  -4.94107500000000       0.605955602100717              452
  -4.95191300000000       0.593956031843087              453
  -4.95263100000000       0.592093994961366              454
  -4.95383400000000       0.588701868667826              455
  -4.95600500000000       0.584900611868540              456
  -4.96037700000000       0.589530367644354              457
  -4.96423200000000       0.620461491818359              458
  -4.96838700000000       0.556631421201493              459
  -4.97331400000000       0.560079251957295              460
  -4.97788600000000       0.539171205603439              461
  -4.98608200000000       0.600462373744747              462
  -4.98273500000000       0.615855605752831              463
  -4.98774900000000       0.619614410138046              464
  -4.98773800000000       0.619270304403608              465
  -4.98775100000000       0.619061684202381              466
  -4.98789800000000       0.619569124492296              467
  -4.98793500000000       0.620004442012081              468
