  -4.37841500000000       0.778363936151872             2337
  -4.70271100000000       0.776150466159351             2338
  -4.86642300000000       0.769881891550373             2339
  -4.86859500000000       0.770159831878722             2340
  -4.86913400000000       0.771033763752423             2341
  -4.89467800000000       0.776533192355798             2342
  -4.92910300000000       0.786595063375085             2343
  -4.93281100000000       0.790966009935976             2344
  -4.93327200000000       0.794942235948092             2345
  -4.94251600000000       0.806811157639146             2346
  -4.95291500000000       0.822109537399742             2347
  -4.95303600000000       0.826735933969002             2348
  -4.95945600000000       0.842633043711221             2349
  -4.96618300000000       0.872808661374644             2350
  -4.96697700000000       0.944596132529037             2351
  -4.96832900000000       0.944012826146598             2352
  -4.96921800000000       0.869839324655078             2353
  -4.96799700000000       0.941524489601524             2354
  -4.96969400000000       0.942863093654665             2355
  -4.96969600000000       0.942814000020857             2356
