  -4.58355600000000       0.598713788385129              705
  -4.63989000000000       0.586845736545532              706
  -4.68873300000000       0.554819709612283              707
  -4.68866400000000       0.544961877812166              708
  -4.68781000000000       0.514122291999570              709
  -4.82459700000000       0.511760039984967              710
  -4.87341100000000       0.486487938861201              711
  -4.87585300000000       0.537818197888308              712
  -4.88539300000000       0.530182645738159              713
  -4.88615200000000       0.515811597081295              714
  -4.89375700000000       0.485556641795476              715
  -4.90881400000000       0.431957584008338              716
  -4.89091500000000       0.452323860526728              717
  -4.90982500000000       0.463515216602201              718
  -4.91045300000000       0.470400666207542              719
  -4.91048300000000       0.468248461419656              720
  -4.91062900000000       0.463038064221827              721
  -4.91330100000000       0.452631568925433              722
  -4.91492400000000       0.438192519707689              723
  -4.91578700000000       0.413678753441753              724
  -4.91776000000000       0.686851118647849              725
  -4.91954700000000       0.686851118647849              726
  -4.92066500000000       0.686851118647849              727
  -4.92137100000000       0.686851118647849              728
  -4.92138200000000       0.686851118647849              729
  -4.92138600000000       0.686851118647849              730
  -4.92190500000000       0.686851118647849              731
  -4.92280700000000       0.686851118647849              732
