  -4.32309700000000       0.725327690960510             4181
  -4.72594100000000       0.620364491030904             4182
  -4.88501100000000       0.637023643327355             4183
  -4.89954800000000       0.637914279675301             4184
  -4.90065800000000       0.638172209293290             4185
  -4.90065900000000       0.638149337202964             4186
  -4.90447400000000       0.637612186498879             4187
  -4.91352600000000       0.637206059193598             4188
  -4.92237100000000       0.634275325452929             4189
  -4.92344500000000       0.622713368971885             4190
  -4.93087900000000       0.632767385934507             4191
  -4.93567800000000       0.622177817686008             4192
  -4.93616900000000       0.629150994450576             4193
  -4.94120800000000       0.638121551962812             4194
  -4.94576000000000       0.631183089360832             4195
  -4.94715200000000       0.627335528098028             4196
  -4.94828600000000       0.623204542090020             4197
  -4.94840200000000       0.621170146195596             4198
  -4.94940000000000       0.619897122526272             4199
  -4.95143300000000       0.609272786012372             4200
  -4.95044500000000       0.601248122671700             4201
  -4.95200700000000       0.607438141116777             4202
  -4.95203600000000       0.604400010811609             4203
  -4.95276000000000       0.600873619767074             4204
  -4.95327600000000       0.597750038445614             4205
  -4.95434300000000       0.598178448005242             4206
  -4.95546900000000       0.598754362314963             4207
  -4.95637900000000       0.599820656569810             4208
  -4.95694400000000       0.600195642010233             4209
  -4.95697400000000       0.600213494005282             4210
  -4.95726100000000       0.599738263113685             4211
  -4.95758900000000       0.598724552388474             4212
  -4.95775400000000       0.597847486272284             4213
  -4.95796500000000       0.597033639521659             4214
  -4.95810500000000       0.596668901976255             4215
  -4.95827100000000       0.596007895104599             4216
