  -4.28487200000000       0.797068621216574             4440
  -4.64713300000000       0.784796258339649             4441
  -4.83536600000000       0.785508681235455             4442
  -4.83803900000000       0.785432871013994             4443
  -4.83827900000000       0.785384252177533             4444
  -4.83827900000000       0.786603492991730             4445
  -4.84157400000000       0.790825668328106             4446
  -4.85110300000000       0.800207574745621             4447
  -4.86749300000000       0.809667108638824             4448
  -4.88715000000000       0.828172014276855             4449
  -4.88797800000000       0.799548450708451             4450
  -4.89745000000000       0.842457388425433             4451
  -4.90322900000000       0.871444019005373             4452
  -4.90529800000000       0.860543935845828             4453
  -4.91675800000000       0.882132263939175             4454
  -4.91915700000000       0.898950401371662             4455
  -4.92013600000000       0.894676271349960             4456
  -4.92114900000000       0.891181001090372             4457
  -4.92115100000000       0.891974176205460             4458
  -4.92149700000000       0.890216001931551             4459
  -4.92149800000000       0.890164329243262             4460
  -4.92179500000000       0.889970520432520             4461
  -4.92204300000000       0.890026249927037             4462
  -4.92232300000000       0.891188490459352             4463
  -4.92251800000000       0.896019930046134             4464
  -4.92280200000000       0.897845040019971             4465
