  -4.41764600000000       0.638610557153979             3269
  -4.68563700000000       0.623994665551104             3270
  -4.86299700000000       0.618041238681003             3271
  -4.86311700000000       0.617854017285464             3272
  -4.86297700000000       0.617727364388006             3273
  -4.87396300000000       0.617827629772479             3274
  -4.89530000000000       0.619529182895044             3275
  -4.89416900000000       0.638350051008954             3276
  -4.90123000000000       0.626450229667852             3277
  -4.90696400000000       0.640097145546734             3278
  -4.90886600000000       0.641770995903133             3279
  -4.90891300000000       0.643592879471848             3280
  -4.90927300000000       0.646298633397804             3281
  -4.90950200000000       0.646025631920287             3282
  -4.90950400000000       0.645944880426977             3283
