  -4.14872500000000       0.441082569261694             3573
  -4.59997200000000       0.328089051774921             3574
  -4.77038300000000       0.321326045817773             3575
  -4.78840300000000       0.322320264169841             3576
  -4.78950700000000       0.322745844469243             3577
  -4.78952200000000       0.321829821906609             3578
  -4.79316500000000       0.319877687809612             3579
  -4.80116700000000       0.318851439508583             3580
  -4.80012500000000       0.320029076760551             3581
  -4.80257900000000       0.319725337232144             3582
  -4.80260600000000       0.319624760189630             3583
  -4.80261400000000       0.319587493256312             3584
  -4.80262100000000       0.319640129026178             3585
  -4.80262000000000       0.319609056670218             3586
  -4.80287500000000       0.320017914661772             3587
  -4.80336900000000       0.321316668418929             3588
  -4.80328200000000       0.324195544313212             3589
  -4.80350500000000       0.322530510449933             3590
  -4.80364800000000       0.322814928128802             3591
  -4.80407800000000       0.323682597526650             3592
  -4.80493800000000       0.325422953606014             3593
  -4.80700600000000       0.328916419097988             3594
  -4.81180600000000       0.335826331548236             3595
  -4.82070500000000       0.348565920072610             3596
  -4.82005600000000       0.371384883954940             3597
  -4.82437200000000       0.357210207422555             3598
  -4.82441000000000       0.360965389959800             3599
  -4.82460900000000       0.359265462876166             3600
  -4.82542200000000       0.360337684402958             3601
  -4.82774300000000       0.363523828447892             3602
  -4.83066500000000       0.369901509384955             3603
  -4.83163300000000       0.369201521311050             3604
  -4.83297800000000       0.367141127117251             3605
  -4.83299000000000       0.366988024139465             3606
  -4.83304500000000       0.367128197085144             3607
