  -4.30297800000000       0.792029231137767             3493
  -4.68125400000000       0.790907210844247             3494
  -4.86709100000000       0.796749026213687             3495
  -4.87242300000000       0.796306334889579             3496
  -4.87276500000000       0.796059639539879             3497
  -4.87276800000000       0.796270418045618             3498
  -4.87323000000000       0.796797918954217             3499
  -4.87438000000000       0.797519122520875             3500
  -4.87575300000000       0.797713274259638             3501
  -4.87541100000000       0.797771980816010             3502
  -4.87608200000000       0.797675185426261             3503
  -4.87679800000000       0.797645447840593             3504
  -4.87859600000000       0.797737761281130             3505
  -4.88093400000000       0.689416860082041             3506
  -4.88230700000000       0.693468867508377             3507
  -4.88323800000000       0.694670645509468             3508
  -4.88619600000000       0.625268678011808             3509
  -4.89229300000000       0.640412588668938             3510
  -4.90585200000000       0.662551208302984             3511
  -4.85938500000000       0.640678709963844             3512
  -4.90807500000000       0.664736269914323             3513
  -4.90819400000000       0.665012984796916             3514
  -4.90864500000000       0.665642241787516             3515
  -4.90875000000000       0.665668542755578             3516
  -4.90959900000000       0.666629893305785             3517
  -4.91028300000000       0.668291756576446             3518
  -4.91076700000000       0.669011278531977             3519
  -4.91157700000000       0.670679957397562             3520
  -4.91163700000000       0.671113429885244             3521
  -4.91207800000000       0.671467747534515             3522
  -4.91220000000000       0.671767036913547             3523
  -4.91236200000000       0.671979744847069             3524
  -4.91261400000000       0.672372703376842             3525
  -4.91250000000000       0.672682116815940             3526
  -4.91270200000000       0.672559808120051             3527
  -4.91278500000000       0.672596033795029             3528
  -4.91297100000000       0.672668431141520             3529
  -4.91307900000000       0.672633012992572             3530
