  -4.43266700000000       0.376459813360293              140
  -4.71885400000000       0.422921806608577              141
  -4.87015000000000       0.392778314805561              142
  -4.87256300000000       0.394660099453036              143
  -4.87269700000000       0.395415554576171              144
  -4.87269200000000       0.396571985166939              145
  -4.87357700000000       0.361019969140298              146
  -4.87583600000000       0.361599572231288              147
  -4.87967000000000       0.363998260204763              148
  -4.88323300000000       0.357744328330167              149
  -4.88490600000000       0.358450776066612              150
  -4.88582900000000       0.498720595233044              151
  -4.88619900000000       0.497327978831908              152
  -4.88625100000000       0.497985216094358              153
  -4.88658600000000       0.498265851855846              154
  -4.88665800000000       0.498861028924012              155
  -4.88673100000000       0.498735148267651              156
  -4.88673200000000       0.498344242910240              157
  -4.88680300000000       0.498341618929227              158
