 -0.461311000000000       0.534087691947336             4696
  -4.56400600000000       0.534098693662169             4697
  -4.94109100000000       0.534099778078221             4698
  -5.03151900000000       0.534098577348402             4699
  -5.06756300000000       0.534099254922637             4700
  -5.06965600000000       0.534099374653487             4701
  -5.06972200000000       0.534099385173936             4702
  -5.08113100000000       0.534099301358909             4703
  -5.09936000000000       0.534099716789684             4704
  -5.10024200000000       0.534099461951346             4705
  -5.09850100000000       0.534099712651124             4706
  -5.10032400000000       0.534099461942915             4707
  -5.10139400000000       0.534099820191075             4708
  -5.10211900000000       0.534099810245037             4709
  -5.10226700000000       0.534099777414904             4710
