 -0.525044000000000       0.676262357267934             1174
  -4.34838500000000       0.660591813792427             1175
  -4.68882600000000       0.623758480617217             1176
  -4.88240900000000       0.595187362495418             1177
  -4.88275700000000       0.596051985920196             1178
  -4.88281100000000       0.595961049129304             1179
  -4.88829500000000       0.596656274335053             1180
  -4.90012900000000       0.598886030507190             1181
  -4.90996900000000       0.613816125557469             1182
  -4.91613900000000       0.614225941719405             1183
  -4.92045000000000       0.615031644869382             1184
  -4.92081500000000       0.613839812861068             1185
  -4.92495100000000       0.600101259399423             1186
  -4.93544900000000       0.554431329691969             1187
  -4.92600900000000       0.592131295705453             1188
  -4.93795900000000       0.574803344960364             1189
  -4.94759100000000       0.568356135387502             1190
  -4.94873500000000       0.482750377164503             1191
  -4.94778600000000       0.564927299175098             1192
  -4.94892600000000       0.564252515396352             1193
  -4.94895600000000       0.482492394760718             1194
  -4.95156000000000       0.462738346251000             1195
  -4.95332600000000       0.465507376475496             1196
  -4.95357600000000       0.467133630269864             1197
  -4.95440500000000       0.467787365572066             1198
  -4.95489800000000       0.468326066061664             1199
  -4.95525300000000       0.467727647223717             1200
