  -4.17725700000000       0.773312375943712             2937
  -4.68194200000000       0.524801189633705             2938
  -4.84342900000000       0.539526086306805             2939
  -4.87452200000000       0.536206103255617             2940
  -4.87631100000000       0.535036173069645             2941
  -4.87633200000000       0.535873534126397             2942
  -4.88136100000000       0.538832975359699             2943
  -4.89444400000000       0.547158810775401             2944
  -4.91354200000000       0.566562049714217             2945
  -4.89239800000000       0.546539165080470             2946
  -4.91705300000000       0.553255979198227             2947
  -4.91791000000000       0.559555973631326             2948
  -4.92500000000000       0.561573483403055             2949
  -4.92660500000000       0.567060551347735             2950
  -4.92835800000000       0.567787614233331             2951
  -4.93517500000000       0.567363018321062             2952
  -4.93769300000000       0.568479035047001             2953
  -4.93674000000000       0.565210060418265             2954
  -4.93821800000000       0.566648713900839             2955
  -4.93904000000000       0.564559014414799             2956
  -4.93935800000000       0.563287011446249             2957
  -4.93935500000000       0.559549830638410             2958
  -4.93946100000000       0.563053794734606             2959
  -4.93994000000000       0.562472164505824             2960
