  -4.33815100000000       0.733387203670920              845
  -4.64828200000000       0.746986092642574              846
  -4.84715200000000       0.775705537913946              847
  -4.84730800000000       0.776307203060570              848
  -4.84733800000000       0.776674215822987              849
  -4.84733800000000       0.776841497623852              850
  -4.84780200000000       0.777681930829982              851
  -4.84901300000000       0.779441617028110              852
  -4.85061300000000       0.782297919240659              853
  -4.85156300000000       0.784832561783714              854
  -4.85176800000000       0.784758032176482              855
  -4.85209800000000       0.787074928539181              856
  -4.85420000000000       0.794536406930820              857
  -4.85264500000000       0.786888120038769              858
  -4.85449700000000       0.790829189110518              859
  -4.85502600000000       0.789593172650474              860
  -4.85509500000000       0.791900580394878              861
  -4.85510400000000       0.791444810893598              862
  -4.85526500000000       0.790978687283324              863
  -4.85554900000000       0.791807475562559              864
