  -4.30700300000000       0.717400068792240             2473
  -4.60994500000000       0.657193905848182             2474
  -4.79630400000000       0.652676206856209             2475
  -4.79623800000000       0.653633737467104             2476
  -4.81792800000000       0.687328029348307             2477
  -4.85561800000000       0.687603957473987             2478
  -4.84869700000000       0.699183930581062             2479
  -4.86304800000000       0.686431444114332             2480
  -4.86335900000000       0.686862907495949             2481
  -4.87229600000000       0.699097447424478             2482
  -4.87730200000000       0.702868825287513             2483
  -4.87735200000000       0.702496488650084             2484
  -4.88110600000000       0.705127646196571             2485
  -4.88743500000000       0.709935221835174             2486
  -4.88777700000000       0.709739179624431             2487
  -4.88894400000000       0.709745698691772             2488
  -4.88896900000000       0.709522238179464             2489
  -4.88950500000000       0.709481744150648             2490
  -4.88969000000000       0.710052816569205             2491
  -4.89004700000000       0.711775332135975             2492
  -4.89042200000000       0.715360340751948             2493
  -4.89030200000000       0.717857342250929             2494
  -4.89046200000000       0.716087298444721             2495
  -4.89059900000000       0.716647490151557             2496
  -4.89090600000000       0.718302483848302             2497
  -4.89106500000000       0.772280481777783             2498
  -4.89108200000000       0.720601265538430             2499
  -4.89114400000000       0.719783510969562             2500
  -4.89128100000000       0.719872845960580             2501
