  -4.69215800000000       0.648836705586781               90
  -4.69608000000000       0.648836705586790               91
  -4.70168500000000       0.648836705586790               92
  -4.70618000000000       0.648836705586810               93
  -4.70617500000000       0.648836705586749               94
  -4.74711600000000       0.534099989798623               95
  -4.84304300000000       0.534099989798751               96
  -5.02038200000000       0.534099989798846               97
  -4.44837500000000       0.534099989798626               98
  -5.05288700000000       0.534099989798609               99
  -5.06366100000000       0.534099989798772              100
  -5.06683900000000       0.534099989798836              101
  -5.06690400000000       0.534099989798664              102
  -5.07416800000000       0.534099989798715              103
  -5.07432300000000       0.534099989798880              104
  -5.07432900000000       0.534099989798822              105
  -5.07477700000000       0.534099989798822              106
