  -4.15823500000000       0.795742991797933             2530
  -4.61545700000000       0.795913269272493             2531
  -4.80102100000000       0.792594208284537             2532
  -4.81519300000000       0.793317315454464             2533
  -4.81654000000000       0.793577312773359             2534
  -4.81653300000000       0.793423980581825             2535
  -4.82418100000000       0.794249773069557             2536
  -4.84105100000000       0.796528522624104             2537
  -4.85406800000000       0.800155177088837             2538
  -4.86594800000000       0.802212085131371             2539
  -4.87665300000000       0.799751065476263             2540
  -4.86302000000000       0.786152805516809             2541
  -4.87853200000000       0.797515389423979             2542
  -4.88664900000000       0.786929161820113             2543
  -4.88937700000000       0.775511474825893             2544
  -4.89481000000000       0.761288813875815             2545
  -4.90303600000000       0.675876301997906             2546
  -4.90451100000000       0.674333600857003             2547
  -4.90510100000000       0.673960047800667             2548
  -4.90616200000000       0.673969846726023             2549
  -4.90637100000000       0.673950715640473             2550
  -4.90639800000000       0.673871391577398             2551
  -4.90681400000000       0.672591185848016             2552
  -4.90683500000000       0.671942407397581             2553
  -4.90714900000000       0.670387065853668             2554
  -4.90744200000000       0.668110567360079             2555
  -4.90792300000000       0.668072028889297             2556
  -4.90828400000000       0.669160542415936             2557
  -4.90871500000000       0.663736540386501             2558
  -4.90987100000000       0.665582565779065             2559
  -4.91014100000000       0.671205850042998             2560
  -4.91046500000000       0.668615615682156             2561
  -4.91101900000000       0.670579254007393             2562
  -4.91123100000000       0.672460078654755             2563
  -4.91142400000000       0.676158950932925             2564
  -4.91197600000000       0.680668393228188             2565
  -4.91217000000000       0.686371128830975             2566
  -4.91234100000000       0.683116780680257             2567
  -4.91235600000000       0.684100330242813             2568
  -4.91236400000000       0.685255056471682             2569
  -4.91237800000000       0.684638376608734             2570
  -4.91262000000000       0.686400673943300             2571
  -4.91277900000000       0.688476660108788             2572
  -4.91291400000000       0.690184453990342             2573
  -4.91291600000000       0.690416137542909             2574
  -4.91301800000000       0.690826130398614             2575
