  -4.35320000000000       0.685916003726528             2723
  -4.68198100000000       0.652820164064953             2724
  -4.87433700000000       0.662338447086120             2725
  -4.87462900000000       0.662406791634058             2726
  -4.87467900000000       0.662007939126870             2727
  -4.87916400000000       0.584320680283787             2728
  -4.89096200000000       0.517698796893359             2729
  -4.90820400000000       0.506854060193902             2730
  -4.92494800000000       0.475169109380451             2731
  -4.93917000000000       0.498705084795581             2732
  -4.96191900000000       0.516982819575397             2733
  -4.96671200000000       0.534381794294509             2734
  -4.97775900000000       0.576894738153346             2735
  -4.98585600000000       0.603365705685813             2736
  -5.00495400000000       0.617511237103418             2737
  -5.02320800000000       0.622648846321742             2738
  -5.03012000000000       0.625584070766954             2739
  -5.03703900000000       0.628704478938948             2740
  -5.04085700000000       0.638019903659170             2741
  -5.04120000000000       0.636414651008902             2742
  -5.04274100000000       0.638613612889505             2743
  -5.04513300000000       0.642806623295140             2744
  -5.04108300000000       0.647031610120333             2745
  -5.04530600000000       0.643659992819995             2746
  -5.04622000000000       0.644398981564506             2747
  -5.04817100000000       0.645979049014350             2748
  -5.04919200000000       0.647487171391196             2749
  -5.05067600000000       0.647423297287935             2750
  -5.05164400000000       0.647079421585862             2751
  -5.05314400000000       0.646620487966932             2752
  -5.05348800000000       0.646145953959971             2753
  -5.05348800000000       0.646144330149994             2754
  -5.05367000000000       0.645773243006562             2755
  -5.05391300000000       0.644482567013370             2756
