 -0.137389000000000       0.896164302101253             5389
  -4.36105800000000       0.912452102304277             5390
  -4.69737700000000       0.888031984293678             5391
  -4.87688800000000       0.870230806392270             5392
  -4.87853600000000       0.878289213526180             5393
  -4.87880000000000       0.878932696839901             5394
  -4.88397500000000       0.871077480491908             5395
  -4.89685000000000       0.869416006927588             5396
  -4.91159700000000       0.826905777624394             5397
  -4.90276300000000       0.815941887609237             5398
  -4.91455200000000       0.824022548825386             5399
  -4.92241900000000       0.821978669727327             5400
  -4.92768800000000       0.818223264924691             5401
  -4.92770400000000       0.818087754853540             5402
  -4.92923100000000       0.818242280953000             5403
  -4.93196600000000       0.817664898129307             5404
  -4.93228500000000       0.817115044034982             5405
  -4.93368700000000       0.815393201808897             5406
  -4.93478900000000       0.821642913066420             5407
  -4.93585900000000       0.820344404493014             5408
  -4.93841300000000       0.858343805389645             5409
  -4.94006200000000       0.850683146944306             5410
  -4.94136700000000       0.845668818518793             5411
  -4.94178100000000       0.844071747980541             5412
  -4.94308800000000       0.844613998794879             5413
  -4.94379300000000       0.846308089209424             5414
  -4.94420400000000       0.845477827422735             5415
  -4.94422300000000       0.847242346410049             5416
  -4.94452900000000       0.846885401992242             5417
