  -4.16185100000000       0.795760418316882             2358
  -4.53836000000000       0.709476182318419             2359
  -4.72974700000000       0.717661165294283             2360
  -4.73116200000000       0.717362248369105             2361
  -4.73161000000000       0.721655275211528             2362
  -4.76917400000000       0.728053195196532             2363
  -4.82461900000000       0.705717938647631             2364
  -4.82712500000000       0.700872859674049             2365
  -4.83778500000000       0.694300524192599             2366
  -4.84219900000000       0.683599738311227             2367
  -4.84401700000000       0.673687207374879             2368
  -4.84598200000000       0.657498262467684             2369
  -4.84777900000000       0.644031958095545             2370
  -4.85063400000000       0.605408323015325             2371
  -4.85074500000000       0.598366565363909             2372
  -4.85207300000000       0.583282957889430             2373
