  -4.54556600000000       0.672874640850870              108
  -4.78639300000000       0.672874640850870              109
  -4.99200900000000       0.672874640850870              110
  -5.00202500000000       0.672874640850870              111
  -5.00377800000000       0.672874640850870              112
  -5.01536500000000       0.672874640850870              113
  -5.03466200000000       0.672874640850870              114
  -5.00984200000000       0.672874640850870              115
  -5.03774900000000       0.672874640850870              116
  -5.04519300000000       0.672874640850870              117
  -5.04716100000000       0.672874640850870              118
  -5.04294100000000       0.672874640850870              119
  -5.04730200000000       0.672874640850870              120
  -5.04731800000000       0.672874640850870              121
  -5.04972000000000       0.672874640850870              122
  -5.05007400000000       0.672874640850870              123
