 -0.552782000000000       0.698456768012681             1514
  -4.20314400000000       0.708972053138822             1515
  -4.63562300000000       0.604203601135625             1516
  -4.79811600000000       0.689309430905009             1517
  -4.81389800000000       0.688731108205360             1518
  -4.81573300000000       0.688601427528241             1519
  -4.81572100000000       0.689318866203116             1520
  -4.81895100000000       0.692387368158773             1521
  -4.82799300000000       0.700301887796921             1522
  -4.84185700000000       0.730364113690944             1523
  -4.85612700000000       0.747680907894051             1524
  -4.81746700000000       0.633281910626005             1525
  -4.85800600000000       0.731589154078093             1526
  -4.86783900000000       0.733122108641392             1527
  -4.86920900000000       0.733399009573380             1528
  -4.87122500000000       0.732323651912926             1529
  -4.87292900000000       0.647622744873533             1530
  -4.88088400000000       0.642389228382846             1531
  -4.88913400000000       0.652654407371123             1532
  -4.88877000000000       0.652658833500408             1533
  -4.89373700000000       0.654261011639964             1534
  -4.89431200000000       0.655590386230678             1535
  -4.89535900000000       0.658132619037671             1536
  -4.89627600000000       0.529255068745216             1537
  -4.89975100000000       0.537152744196158             1538
  -4.90172200000000       0.560448840558673             1539
  -4.89725000000000       0.601268421633626             1540
  -4.90184800000000       0.572615621044528             1541
  -4.90489600000000       0.593246900466139             1542
  -4.90492100000000       0.597021737926636             1543
  -4.90767500000000       0.602686589255948             1544
  -4.90079200000000       0.615628978051262             1545
  -4.90880200000000       0.602624494607950             1546
  -4.91004200000000       0.609065989031410             1547
  -4.91000400000000       0.609504544421842             1548
  -4.91002300000000       0.607300063022133             1549
  -4.91021900000000       0.605115395995207             1550
