  -4.29082400000000       0.775658395317195             3918
  -4.67073300000000       0.788162823530007             3919
  -4.85059100000000       0.748567343843701             3920
  -4.85711300000000       0.751943091709809             3921
  -4.85773500000000       0.752764841741459             3922
  -4.86566600000000       0.749989685076106             3923
  -4.88250200000000       0.742330656913552             3924
  -4.88906000000000       0.731253993631972             3925
  -4.89037400000000       0.733678212656280             3926
  -4.89362800000000       0.728829869586015             3927
  -4.89702200000000       0.722244099938454             3928
  -4.89988200000000       0.718818097342665             3929
  -4.90695600000000       0.704472368336558             3930
  -4.91572900000000       0.611261005159186             3931
  -4.90636000000000       0.668090172975015             3932
  -4.91722700000000       0.615679628412317             3933
  -4.92088700000000       0.618873102962731             3934
  -4.92529800000000       0.667250608608052             3935
  -4.92535600000000       0.668702172842540             3936
  -4.92628700000000       0.673720641334378             3937
  -4.92632400000000       0.674601910109031             3938
  -4.92698600000000       0.681904256844145             3939
  -4.92699000000000       0.682019446991905             3940
  -4.92763600000000       0.685879000161871             3941
  -4.92780200000000       0.688373600012262             3942
  -4.92852700000000       0.691771173590870             3943
  -4.92915000000000       0.698095187852295             3944
  -4.92947000000000       0.699647595825949             3945
  -4.93050600000000       0.735191377350188             3946
  -4.93228400000000       0.753595464555438             3947
  -4.93110600000000       0.773625078699296             3948
  -4.93285100000000       0.759778338140554             3949
  -4.93292300000000       0.764275578773542             3950
  -4.93333800000000       0.766495428365103             3951
  -4.93424300000000       0.772503297360804             3952
  -4.93345600000000       0.781564460302252             3953
  -4.93441200000000       0.774997362957858             3954
  -4.93563700000000       0.775643890806279             3955
  -4.93886000000000       0.777238776601753             3956
  -4.94333400000000       0.779665047223609             3957
  -4.94420300000000       0.783115658876258             3958
  -4.94501600000000       0.781398184366363             3959
  -4.94704500000000       0.780388532402394             3960
  -4.94908200000000       0.779888193937143             3961
  -4.95139900000000       0.784974833545891             3962
  -4.95567800000000       0.776224261226062             3963
  -4.95388900000000       0.774164737753795             3964
  -4.95666200000000       0.778119382516734             3965
  -4.95883300000000       0.775371584534402             3966
  -4.95965100000000       0.772654224943626             3967
  -4.96072600000000       0.771488195069272             3968
  -4.96104300000000       0.770380236021841             3969
  -4.96204500000000       0.770807197317997             3970
  -4.96278200000000       0.771650566379349             3971
  -4.96282500000000       0.772270174911200             3972
  -4.96352700000000       0.754296773158114             3973
  -4.96363600000000       0.755582647506161             3974
  -4.96391600000000       0.757105876932486             3975
  -4.96394600000000       0.757684025067346             3976
