  -1.14594200000000       0.970537793353165             1084
  -3.97300800000000       0.970499414646872             1085
  -4.51405600000000       0.739511511003500             1086
  -4.67808200000000       0.825410510312108             1087
  -4.70852400000000       0.857375744388221             1088
  -4.71210700000000       0.857245523008692             1089
  -4.73594100000000       0.840416257817574             1090
  -4.75653900000000       0.855931653696234             1091
  -4.75685700000000       0.855933708078908             1092
  -4.75861400000000       0.855930859836673             1093
  -4.75950300000000       0.855932359361481             1094
  -4.75950600000000       0.855932629420188             1095
  -4.75956800000000       0.855931141897423             1096
