  -4.24887100000000       0.699841762115915             2631
  -4.67377700000000       0.637340006088452             2632
  -4.84946200000000       0.637803928070416             2633
  -4.86251400000000       0.637045818062523             2634
  -4.86347300000000       0.636910715191707             2635
  -4.86347800000000       0.635457469476551             2636
  -4.86741200000000       0.632107242716919             2637
  -4.87728700000000       0.626951246076729             2638
  -4.88809500000000       0.619577946933292             2639
  -4.88907400000000       0.619001777684676             2640
  -4.89606300000000       0.606929640967053             2641
  -4.91400900000000       0.615311088789071             2642
  -4.93239700000000       0.603865037967565             2643
  -4.94043100000000       0.577016570433204             2644
  -4.94649600000000       0.576225414276395             2645
  -4.94684800000000       0.576385197191359             2646
  -4.95266200000000       0.578193083697103             2647
  -4.96589000000000       0.544760513882708             2648
  -4.96247500000000       0.550080044561936             2649
  -4.97031900000000       0.549745762131019             2650
  -4.97549600000000       0.534959932794910             2651
  -4.98608400000000       0.534939780865220             2652
  -4.98524200000000       0.539975100215495             2653
  -4.98934400000000       0.534087214890345             2654
  -4.99238000000000       0.543353713067393             2655
  -4.99627600000000       0.531535454990814             2656
  -4.99799000000000       0.534372795419027             2657
  -4.99879100000000       0.537733821088172             2658
  -5.00005500000000       0.541638550901165             2659
  -5.00069500000000       0.544896379084137             2660
  -5.00174700000000       0.549752813880757             2661
  -5.00329300000000       0.527421232010586             2662
  -5.00426600000000       0.529707810872172             2663
  -5.00697300000000       0.537472425867791             2664
  -5.01148000000000       0.552161022088768             2665
  -5.01232400000000       0.576558539128287             2666
  -5.01387700000000       0.566406369183634             2667
  -5.01495000000000       0.567050433786247             2668
  -5.01726700000000       0.568428076300157             2669
  -5.01670600000000       0.574451145461499             2670
  -5.01791200000000       0.572967839820746             2671
  -5.01905400000000       0.571634466716581             2672
  -5.02111700000000       0.570832101988758             2673
  -5.02136700000000       0.569542596169373             2674
  -5.02241300000000       0.567507111580832             2675
  -5.02319100000000       0.566979532803947             2676
  -5.02384600000000       0.566133398717372             2677
  -5.02466200000000       0.567011027982894             2678
  -5.02473900000000       0.567193318205978             2679
  -5.02514500000000       0.566587659766979             2680
  -5.02628600000000       0.587233452986448             2681
  -5.02763200000000       0.589708962567827             2682
  -5.02687300000000       0.601659536368830             2683
  -5.02794000000000       0.593539552535613             2684
  -5.02956200000000       0.578460829313203             2685
  -5.03101100000000       0.556575965268930             2686
  -5.03114500000000       0.558216670794427             2687
  -5.03240600000000       0.561627809587573             2688
  -5.03305500000000       0.565821810001034             2689
