  -4.34550100000000       0.799169322830401             5181
  -4.69308700000000       0.793349707652105             5182
  -4.87452900000000       0.784875262432417             5183
  -4.87700500000000       0.785675210595418             5184
  -4.87745700000000       0.785312932108043             5185
  -4.88321200000000       0.783149575313916             5186
  -4.89644000000000       0.764255429386367             5187
  -4.90439900000000       0.761206279676124             5188
  -4.90478100000000       0.757729760608821             5189
  -4.90852800000000       0.752276497408229             5190
  -4.91066200000000       0.750100988609092             5191
  -4.91226100000000       0.749240682435986             5192
  -4.91236000000000       0.753814813155817             5193
  -4.91252000000000       0.752160203905349             5194
  -4.91299700000000       0.752100720254716             5195
  -4.91355800000000       0.755016533347065             5196
  -4.91391000000000       0.756542108482147             5197
