  -4.11571700000000       0.598587061167071             5537
  -4.54638700000000       0.554675238567922             5538
  -4.76140200000000       0.525406370001181             5539
  -4.76610000000000       0.527292887577654             5540
  -4.76653900000000       0.528052627932304             5541
  -4.76653800000000       0.527750782798277             5542
  -4.76916700000000       0.525845856745434             5543
  -4.77563900000000       0.520954274115635             5544
  -4.78291500000000       0.515527648862933             5545
  -4.78352100000000       0.514223168857073             5546
  -4.78740400000000       0.508330268022863             5547
  -4.79295100000000       0.493480729480217             5548
  -4.79620300000000       0.487432651352296             5549
  -4.80255500000000       0.457726636394914             5550
  -4.80272900000000       0.447400294415120             5551
  -4.80477700000000       0.450613170763278             5552
  -4.81049700000000       0.447364571509022             5553
  -4.81831300000000       0.410579698163002             5554
  -4.82109700000000       0.413413628088187             5555
  -4.82248500000000       0.417660412760266             5556
  -4.82227600000000       0.429992694626863             5557
  -4.82296500000000       0.422702582546970             5558
  -4.82506800000000       0.425763749027585             5559
  -4.82985700000000       0.442071073614399             5560
  -4.83017100000000       0.479174609338782             5561
  -4.83145100000000       0.456848243921391             5562
  -4.83720900000000       0.470542163506695             5563
  -4.84042200000000       0.503909831849522             5564
  -4.84195400000000       0.490744525355838             5565
  -4.84879000000000       0.451935671210666             5566
  -4.85117600000000       0.466303188225971             5567
  -4.85381500000000       0.467085733230607             5568
  -4.85497800000000       0.417459818723353             5569
  -4.85686200000000       0.473813593462346             5570
  -4.85837700000000       0.425050532479784             5571
  -4.85983300000000       0.429016355526065             5572
  -4.86346800000000       0.440434775638426             5573
  -4.86647900000000       0.462648426915829             5574
  -4.86789600000000       0.466545324756054             5575
  -4.87139600000000       0.477630823620110             5576
  -4.87599800000000       0.496436125285499             5577
  -4.87466500000000       0.539397000818906             5578
  -4.87748200000000       0.515520609413476             5579
  -4.87999700000000       0.518565860510325             5580
  -4.88102500000000       0.528460533450694             5581
  -4.88139000000000       0.525070358588500             5582
  -4.88141700000000       0.524186348097917             5583
  -4.88360900000000       0.519671214656133             5584
  -4.88878700000000       0.517848728128255             5585
  -4.89042900000000       0.532722796035964             5586
  -4.89101600000000       0.534386102087588             5587
  -4.89508500000000       0.535747176111137             5588
  -4.89668900000000       0.538233499329108             5589
  -4.89795800000000       0.540074072729112             5590
  -4.90011200000000       0.543068146575058             5591
  -4.90171600000000       0.548152701232560             5592
  -4.89954200000000       0.538238052536069             5593
  -4.90217600000000       0.542323727976876             5594
  -4.90436200000000       0.542513207229864             5595
