 -0.367431000000000       0.664275794191396             4313
  -4.27282400000000       0.659875942126215             4314
  -4.69407300000000       0.665866532972249             4315
  -4.85950300000000       0.688327839458169             4316
  -4.87388500000000       0.683923984364945             4317
  -4.87555200000000       0.682284585144038             4318
  -4.87552600000000       0.682355951913803             4319
  -4.88345100000000       0.678505284474525             4320
  -4.89613400000000       0.668359279344852             4321
  -4.89760100000000       0.664750651240258             4322
  -4.89764800000000       0.664256169116877             4323
  -4.89989400000000       0.663023575793004             4324
  -4.90081800000000       0.661534131729261             4325
