  -4.27242300000000       0.866490830025132             4788
  -4.60698100000000       0.765617200308814             4789
  -4.80489300000000       0.759758647252446             4790
  -4.80473100000000       0.759553153826630             4791
  -4.80446800000000       0.759418472505533             4792
  -4.83186400000000       0.760553788259986             4793
  -4.86637300000000       0.742421837309637             4794
  -4.86717400000000       0.742508186605517             4795
  -4.88127500000000       0.873753712872511             4796
  -4.90298100000000       0.880439526736883             4797
  -4.90355400000000       0.883809786733139             4798
  -4.91829900000000       0.899511677135620             4799
  -4.94924600000000       0.861715483748756             4800
  -4.92412400000000       0.737226377911258             4801
  -4.95249300000000       0.872262950456308             4802
  -4.97384800000000       0.817601968613905             4803
  -4.97616800000000       0.807231680891788             4804
  -4.98596200000000       0.764975393418702             4805
  -5.00426100000000       0.713686504833156             4806
  -5.00522800000000       0.695288295045943             4807
  -5.01061200000000       0.659828165259608             4808
  -5.01989300000000       0.597656129724524             4809
  -5.02050500000000       0.582004326810460             4810
  -5.02455100000000       0.579603846374570             4811
  -5.03198400000000       0.567408147045579             4812
  -5.02830700000000       0.574964227599634             4813
  -5.03327700000000       0.589790691064337             4814
  -5.03638500000000       0.584886044356584             4815
  -5.03926000000000       0.574289132774505             4816
  -5.04075300000000       0.571550730133888             4817
  -5.04414300000000       0.564656061768323             4818
  -5.04546300000000       0.556242264394926             4819
  -5.04584600000000       0.557663771714179             4820
  -5.04750000000000       0.554620897061836             4821
  -5.05016900000000       0.551609012316255             4822
  -5.05033600000000       0.551049874468316             4823
  -5.05085400000000       0.551059225925947             4824
  -5.05086400000000       0.551205221413267             4825
  -5.05100700000000       0.551804644069171             4826
  -5.05120700000000       0.552494095705682             4827
  -5.05127200000000       0.552936349513208             4828
