  -4.31523400000000       0.802621603022166             1014
  -4.60766900000000       0.803277452718891             1015
  -4.79996900000000       0.813912582637862             1016
  -4.80065300000000       0.814263632326113             1017
  -4.80052900000000       0.818332758129513             1018
  -4.82226000000000       0.823303648539368             1019
  -4.84791200000000       0.815486282941998             1020
  -4.84958100000000       0.813822438270430             1021
  -4.84978300000000       0.814655737627844             1022
  -4.85289200000000       0.817618965005166             1023
  -4.85537200000000       0.815625526879281             1024
  -4.85537800000000       0.817561226900822             1025
  -4.85600500000000       0.823323840466659             1026
  -4.85765200000000       0.835055232222091             1027
  -4.85974800000000       0.785096134061379             1028
  -4.85961500000000       0.782841177023264             1029
  -4.86060200000000       0.842422324702392             1030
  -4.86247400000000       0.844408235132746             1031
  -4.86297700000000       0.781266531168425             1032
  -4.86385700000000       0.783436691955387             1033
  -4.86406300000000       0.785925769920346             1034
  -4.86507300000000       0.791052251355077             1035
  -4.86797700000000       0.732531629016912             1036
  -4.88294500000000       0.722376430262618             1037
  -4.89957100000000       0.742487894181253             1038
  -4.90340800000000       0.751075860536647             1039
  -4.90341100000000       0.748787450699480             1040
  -4.90847200000000       0.744538705942462             1041
  -4.91532500000000       0.760201403091539             1042
  -4.91646900000000       0.758529489625916             1043
  -4.91763200000000       0.759762646268843             1044
  -4.91835400000000       0.758517138828634             1045
