  -4.39870900000000       0.776835841906303             1098
  -4.65841600000000       0.788823050269878             1099
  -4.85005900000000       0.788357847492759             1100
  -4.85347700000000       0.788320672393374             1101
  -4.85359200000000       0.789786353867128             1102
  -4.85973300000000       0.795177537989515             1103
  -4.87355000000000       0.792079698555060             1104
  -4.88217600000000       0.787981760904621             1105
  -4.88226700000000       0.794072401878891             1106
  -4.88039400000000       0.790898220071489             1107
  -4.88229100000000       0.788895590983267             1108
  -4.88229400000000       0.789001980891413             1109
  -4.88255300000000       0.790045218258602             1110
  -4.88326600000000       0.792780833097107             1111
  -4.88441400000000       0.798080596524204             1112
  -4.88510900000000       0.804446511759347             1113
  -4.88519700000000       0.802640763868221             1114
  -4.88542800000000       0.802955633664474             1115
  -4.88606000000000       0.804150998214699             1116
  -4.88699700000000       0.806619296573500             1117
  -4.88742100000000       0.811615502849878             1118
  -4.88866900000000       0.815197023705674             1119
  -4.89285100000000       0.834637514459103             1120
  -4.89546600000000       0.828850457015425             1121
  -4.88777500000000       0.708093597275024             1122
  -4.89596000000000       0.717907559824344             1123
  -4.90219500000000       0.707144095888481             1124
  -4.90318900000000       0.698491520775205             1125
  -4.90356300000000       0.691386312735260             1126
  -4.90656200000000       0.682546318803699             1127
  -4.90658000000000       0.687698921259500             1128
  -4.91015600000000       0.697615067398132             1129
  -4.91120800000000       0.684919019870222             1130
  -4.91176800000000       0.684249200300617             1131
  -4.91181400000000       0.688655800304126             1132
  -4.91319600000000       0.690291136651276             1133
  -4.91345300000000       0.692218324066311             1134
  -4.91428900000000       0.697227150094070             1135
  -4.91561400000000       0.708324858723350             1136
  -4.91690500000000       0.717129874793327             1137
  -4.91873400000000       0.721161131032957             1138
  -4.91907700000000       0.725025927847015             1139
  -4.92133300000000       0.736746265523064             1140
  -4.92339800000000       0.733432222885080             1141
  -4.92359000000000       0.734456391361782             1142
  -4.92428400000000       0.734546423224366             1143
  -4.92432100000000       0.733153718148376             1144
  -4.92520500000000       0.728814527497632             1145
  -4.92723200000000       0.729218461596141             1146
