  -1.32040200000000       0.769616857962826              400
  -4.25093300000000       0.445429147267618              401
  -4.70256900000000       0.436904533957738              402
  -4.85316500000000       0.438668828662076              403
  -4.87356100000000       0.439351505657482              404
  -4.87603200000000       0.439589978902381              405
  -4.87616000000000       0.439509767218617              406
  -4.87617100000000       0.439512571962983              407
  -4.87617100000000       0.439040559212933              408
  -4.87640500000000       0.437606829548776              409
  -4.87756200000000       0.434657628252433              410
  -4.88059100000000       0.428421756388889              411
  -4.88555000000000       0.426837527196963              412
  -4.88590600000000       0.423590699958304              413
  -4.88594700000000       0.424596668958398              414
  -4.88620500000000       0.425723328704731              415
  -4.88617700000000       0.425070716289416              416
  -4.88623800000000       0.424197379411938              417
  -4.88648600000000       0.423423375899495              418
  -4.88659300000000       0.421862232718406              419
  -4.88732000000000       0.418689584084949              420
  -4.88920500000000       0.418098633574166              421
  -4.88924100000000       0.418168017601553              422
  -4.88924100000000       0.418664725012519              423
  -4.88931800000000       0.418878094469573              424
  -4.88932600000000       0.418748161159083              425
  -4.88940200000000       0.418358296806559              426
  -4.88948600000000       0.418358303034786              427
