 -0.146636000000000       0.802603842574564             2046
  -4.26093900000000       0.746799768365426             2047
  -4.64223400000000       0.737146139390192             2048
  -4.82586500000000       0.699950730142142             2049
  -4.83019800000000       0.701866666003734             2050
  -4.83084600000000       0.702033865756960             2051
  -4.84476400000000       0.701293872859181             2052
  -4.86313800000000       0.704675740737243             2053
  -4.86316800000000       0.704546949326470             2054
  -4.86631200000000       0.705549080152753             2055
  -4.87306100000000       0.721865553320847             2056
  -4.87101100000000       0.737134987634219             2057
  -4.87496700000000       0.727714144070167             2058
  -4.87791600000000       0.729956812117172             2059
  -4.88484900000000       0.736599275848458             2060
  -4.88841900000000       0.717858115548038             2061
  -4.89409700000000       0.719619235197219             2062
  -4.89671100000000       0.721365739358761             2063
  -4.89683900000000       0.722824318816629             2064
  -4.90258700000000       0.725816466742415             2065
  -4.90812200000000       0.727007570248067             2066
  -4.90859600000000       0.724072320922255             2067
  -4.91446000000000       0.793825529246688             2068
  -4.92171600000000       0.784418263670664             2069
  -4.92178700000000       0.789307202447438             2070
  -4.92261500000000       0.790499562396822             2071
  -4.92690400000000       0.791046243389639             2072
  -4.92706400000000       0.789643043806307             2073
  -4.93056400000000       0.789837890884179             2074
  -4.93299200000000       0.792299549483365             2075
  -4.93369500000000       0.793912396794297             2076
  -4.93370000000000       0.793704002095683             2077
  -4.93410700000000       0.794837293338248             2078
  -4.93412600000000       0.795226385670613             2079
  -4.93439500000000       0.795934197836088             2080
  -4.93445300000000       0.796515689447740             2081
  -4.93451500000000       0.796784498770190             2082
