 -0.404883000000000       0.693940015037649             2502
  -4.19419400000000       0.586413899680444             2503
  -4.71076600000000       0.343112570608458             2504
  -4.84367100000000       0.304994126132593             2505
  -4.88620000000000       0.309367839282004             2506
  -4.88942700000000       0.310824810130073             2507
  -4.88943200000000       0.310746565746578             2508
  -4.88943300000000       0.310862882768852             2509
  -4.88985500000000       0.312973911433917             2510
  -4.89105900000000       0.319106554903380             2511
  -4.89320800000000       0.331931585275623             2512
  -4.89670100000000       0.359531899582951             2513
  -4.89882700000000       0.409323125684179             2514
  -4.90047200000000       0.415186562447381             2515
  -4.90360700000000       0.435124802172657             2516
  -4.90021700000000       0.507001153338743             2517
  -4.90393400000000       0.460095505999753             2518
  -4.90562100000000       0.471369507944739             2519
  -4.90776600000000       0.497147079791051             2520
  -4.90916200000000       0.503789477846416             2521
  -4.91141600000000       0.514885164404032             2522
  -4.91157700000000       0.517764927597959             2523
  -4.91177700000000       0.624060840292193             2524
  -4.91209000000000       0.625995771541399             2525
  -4.91218600000000       0.626419872424292             2526
  -4.91245200000000       0.558999692004886             2527
  -4.91286100000000       0.629117010093737             2528
