  -4.09238800000000       0.824127429782766             2758
  -4.59252600000000       0.822856358912019             2759
  -4.79748300000000       0.822541719166737             2760
  -4.81117900000000       0.822407225200761             2761
  -4.81252300000000       0.822372282642064             2762
  -4.81251700000000       0.822373420682280             2763
  -4.81595800000000       0.822344656226887             2764
  -4.82303600000000       0.822346563728946             2765
  -4.82359000000000       0.822724441088055             2766
  -4.82553500000000       0.822488314728565             2767
  -4.82676500000000       0.822486628595954             2768
  -4.82696500000000       0.822486026223962             2769
