  -4.21046200000000       0.876960828711396             1202
  -4.63168800000000       0.873411723393672             1203
  -4.81112500000000       0.870814528892310             1204
  -4.82248100000000       0.871488059025634             1205
  -4.82334300000000       0.871660771342174             1206
  -4.82334300000000       0.873173275775084             1207
  -4.83280300000000       0.881559668576612             1208
  -4.85840400000000       0.897057271112619             1209
  -4.90052000000000       0.900382531172846             1210
  -4.94611600000000       0.788744371572113             1211
  -4.97213700000000       0.613393006088004             1212
  -4.99210800000000       0.588877936008945             1213
  -4.99387100000000       0.571647380470709             1214
  -4.99468500000000       0.571250004723892             1215
  -4.99473000000000       0.573844498534881             1216
  -4.99566300000000       0.574153423390938             1217
  -4.99579300000000       0.579389207621836             1218
  -4.99655200000000       0.588027160189386             1219
  -4.99702600000000       0.588156231385365             1220
  -4.99753600000000       0.587669671600731             1221
  -4.99754700000000       0.584335904385749             1222
  -4.99792300000000       0.576850509382655             1223
  -4.99834800000000       0.574529630491294             1224
  -4.99836200000000       0.575332415372336             1225
  -4.99840900000000       0.574832568429958             1226
  -4.99848600000000       0.574869895439098             1227
