  -4.96379700000000       0.509969397108779             1766
  -4.26549600000000       0.531060988053579             1767
  -4.96502300000000       0.531145322199778             1768
  -4.96526300000000       0.531161794899700             1769
  -4.96516700000000       0.531155429503655             1770
  -4.96522800000000       0.533040731368866             1771
  -4.97431000000000       0.537473527975445             1772
  -4.98844300000000       0.538326609358762             1773
  -4.98894200000000       0.538455989860767             1774
  -4.98896100000000       0.539243874856287             1775
  -4.99083800000000       0.540793882200008             1776
  -4.99377100000000       0.540849786123018             1777
  -4.99377200000000       0.541319327734534             1778
  -4.99416800000000       0.541544557900955             1779
  -4.99444800000000       0.541546157986710             1780
  -4.99445800000000       0.541743971325122             1781
  -4.99459100000000       0.541743971325122             1782
