  -4.32669600000000       0.778334487301684             4848
  -4.69517700000000       0.747852941978602             4849
  -4.87720200000000       0.729575050354646             4850
  -4.88174600000000       0.731869386263229             4851
  -4.88209000000000       0.732713232215621             4852
  -4.88209100000000       0.732638495608363             4853
  -4.88392900000000       0.732414870427882             4854
  -4.88841100000000       0.731989971183699             4855
  -4.89288000000000       0.732031057070266             4856
  -4.89305800000000       0.731874414599759             4857
  -4.89469500000000       0.729399156307117             4858
  -4.89860000000000       0.722803628478582             4859
  -4.90109000000000       0.715479120636966             4860
  -4.90256300000000       0.719076260101219             4861
  -4.90419100000000       0.668973442572345             4862
  -4.90428900000000       0.669773630796110             4863
  -4.90596700000000       0.674980612201540             4864
  -4.90749400000000       0.690002775516615             4865
  -4.90864400000000       0.693491479458216             4866
  -4.91022100000000       0.705773315459455             4867
  -4.91032800000000       0.707037005311408             4868
  -4.91226600000000       0.701254980806735             4869
  -4.91373500000000       0.712552554273144             4870
  -4.91412600000000       0.706613022539304             4871
  -4.91576900000000       0.707952519896324             4872
  -4.91604300000000       0.707586259469305             4873
  -4.91762100000000       0.706868971877263             4874
  -4.91831200000000       0.704232540242410             4875
  -4.91894600000000       0.706708114120235             4876
  -4.91898500000000       0.705022998372146             4877
  -4.91929200000000       0.705007308137547             4878
  -4.91934000000000       0.762362260583063             4879
  -4.91956400000000       0.762387187463792             4880
  -4.91975800000000       0.764408678074576             4881
  -4.92002000000000       0.765213756097058             4882
  -4.92004000000000       0.765629026979353             4883
  -4.92024300000000       0.765745848820180             4884
  -4.92031700000000       0.765487408839299             4885
  -4.92054000000000       0.764906018895519             4886
  -4.92075200000000       0.764703351170542             4887
  -4.92093700000000       0.766531821660497             4888
  -4.92108200000000       0.767023060801993             4889
  -4.92111000000000       0.766842116622159             4890
  -4.92126100000000       0.767861782456736             4891
  -4.92162000000000       0.770260103453395             4892
  -4.92202600000000       0.774105771549006             4893
  -4.92202000000000       0.772900874404236             4894
  -4.92204400000000       0.773607875187904             4895
  -4.92225300000000       0.775484898016592             4896
  -4.92225500000000       0.775358720944613             4897
  -4.92244600000000       0.775365003737915             4898
  -4.92265400000000       0.775047234470706             4899
  -4.92276900000000       0.774519627446068             4900
