  -4.49500300000000       0.835417860063991               30
  -4.49664000000000       0.835417860063991               31
  -4.49965900000000       0.835417860063991               32
  -4.50469400000000       0.835417860063991               33
  -4.67003200000000       0.835417860063991               34
  -4.79741900000000       0.835417860063991               35
  -4.80745800000000       0.835417860063991               36
  -4.81186000000000       0.672874640850870               37
  -4.87027000000000       0.672874640850870               38
  -4.94689900000000       0.672874640850870               39
  -4.95043900000000       0.672874640850870               40
  -4.99801400000000       0.672874640850870               41
  -5.00346300000000       0.672874640850870               42
  -5.00590900000000       0.672874640850870               43
  -5.03090700000000       0.672874640850870               44
  -5.03175100000000       0.672874640850870               45
  -5.03248600000000       0.672874640850870               46
  -5.03343700000000       0.672874640850870               47
  -5.03367000000000       0.672874640850870               48
