  -4.27897000000000       0.882636379674626             3811
  -4.67672800000000       0.774426707874950             3812
  -4.85704900000000       0.800396685220075             3813
  -4.86463700000000       0.800771386315161             3814
  -4.86547100000000       0.800948543397174             3815
  -4.86546400000000       0.800925747976288             3816
  -4.87026800000000       0.800690636797309             3817
  -4.88124600000000       0.800561452245730             3818
  -4.88907300000000       0.802204562014430             3819
  -4.89368100000000       0.805583886669414             3820
  -4.89485000000000       0.808765890899969             3821
  -4.89492600000000       0.808397845860093             3822
  -4.89719600000000       0.811704451302099             3823
  -4.90028200000000       0.820178830219377             3824
  -4.90280600000000       0.822593434702819             3825
  -4.90585300000000       0.848663070958125             3826
  -4.90720000000000       0.850300961265816             3827
  -4.91098600000000       0.854836292135820             3828
  -4.91770800000000       0.862575683268800             3829
  -4.93014900000000       0.850089937578345             3830
  -4.89922500000000       0.823545646591323             3831
  -4.93221400000000       0.844069688793430             3832
  -4.93394700000000       0.806899121785093             3833
  -4.93774300000000       0.805121482390410             3834
  -4.93960400000000       0.795638351675222             3835
  -4.94398500000000       0.797086721092765             3836
  -4.95059100000000       0.801045344702172             3837
  -4.95094000000000       0.802393548018864             3838
  -4.95348600000000       0.804104114922720             3839
  -4.95499500000000       0.805805615413843             3840
  -4.95503800000000       0.806735588162505             3841
  -4.95700300000000       0.808648004508274             3842
  -4.95798000000000       0.847870691459583             3843
  -4.95944700000000       0.853499171012366             3844
  -4.96405800000000       0.876495798650206             3845
  -4.95828200000000       0.890747096010254             3846
  -4.96494400000000       0.879554509662162             3847
  -4.96611200000000       0.883653264537784             3848
  -4.96625400000000       0.884312110631720             3849
  -4.96780500000000       0.883041865487416             3850
  -4.97024300000000       0.884290016397408             3851
  -4.97033400000000       0.884593618325048             3852
  -4.97143000000000       0.883208430597363             3853
  -4.97254100000000       0.880755734776062             3854
  -4.97360200000000       0.880456852379317             3855
  -4.97575900000000       0.878995574617405             3856
  -4.97493000000000       0.874812176251547             3857
  -4.97628400000000       0.875672577815828             3858
  -4.97710300000000       0.875307343491887             3859
  -4.97879300000000       0.877851168158070             3860
  -4.97886000000000       0.866969908669377             3861
  -4.97941600000000       0.873087514194814             3862
  -4.98086600000000       0.872577307178888             3863
  -4.98349400000000       0.865889720479634             3864
  -4.98374300000000       0.863655327586409             3865
  -4.98462100000000       0.865199507183103             3866
  -4.98549200000000       0.864352312728491             3867
  -4.98655100000000       0.868103463828121             3868
  -4.98819900000000       0.833972242351546             3869
