  -4.24683400000000       0.728713609410993             4218
  -4.65452800000000       0.726418540154422             4219
  -4.83295300000000       0.718554030770199             4220
  -4.84117900000000       0.719255468780447             4221
  -4.84223600000000       0.719718759692499             4222
  -4.84222600000000       0.720439395931873             4223
  -4.84599300000000       0.721085605528717             4224
  -4.85396200000000       0.721876127431537             4225
  -4.86571000000000       0.720431802983674             4226
  -4.88279000000000       0.637919190739995             4227
  -4.88491400000000       0.643851994974670             4228
  -4.89029100000000       0.643591185923172             4229
  -4.89038200000000       0.644579183920104             4230
  -4.89134600000000       0.644471250871281             4231
  -4.89772700000000       0.648368007487334             4232
  -4.91371800000000       0.558512764673237             4233
  -4.93937600000000       0.636955291532922             4234
  -4.93671400000000       0.626891712178828             4235
  -4.94891100000000       0.632214911562797             4236
  -4.97454200000000       0.598962888713594             4237
  -5.02477600000000       0.653193313358834             4238
  -5.00056700000000       0.616644712086617             4239
  -5.03433000000000       0.663000003472168             4240
  -5.03803900000000       0.664617396483082             4241
  -5.03924400000000       0.664097601181378             4242
  -5.04134300000000       0.665280668474143             4243
  -5.04151100000000       0.665782485068709             4244
  -5.04271500000000       0.666880994178730             4245
  -5.04273500000000       0.667051925023820             4246
  -5.04300600000000       0.667615704905620             4247
  -5.04300800000000       0.667668041223186             4248
  -5.04325500000000       0.668250557637979             4249
  -5.04349500000000       0.669249238398360             4250
  -5.04365500000000       0.669488181160212             4251
  -5.04399500000000       0.670060196045260             4252
