  -4.72092600000000       0.707868131098398              383
  -4.76653100000000       0.720298964787394              384
  -4.82945400000000       0.740879711168306              385
  -4.87669000000000       0.740851610817164              386
  -4.87668100000000       0.738117699070932              387
  -4.88239000000000       0.729531566463809              388
  -4.89072400000000       0.727530589065610              389
  -4.89106500000000       0.724328334017253              390
  -4.89284800000000       0.714097944721397              391
  -4.89738400000000       0.690763595259259              392
  -4.89051600000000       0.709834605833363              393
  -4.89778500000000       0.709264492383661              394
  -4.89780700000000       0.700303988658850              395
  -4.89570500000000       0.708734319655649              396
  -4.89781700000000       0.706152025535042              397
  -4.89801600000000       0.706405145836604              398
  -4.89801800000000       0.706405145836604              399
