  -4.37901300000000       0.672874704332452              550
  -4.87838000000000       0.672874704332452              551
  -5.00004800000000       0.672874704332452              552
  -5.04707900000000       0.672874704332452              553
  -5.05008500000000       0.672874704332452              554
  -5.05011400000000       0.672874704332452              555
  -5.05011300000000       0.672874704332452              556
  -5.05223600000000       0.672874704332452              557
  -5.05559300000000       0.672874704332452              558
  -5.05564500000000       0.672874704332452              559
  -5.05572500000000       0.672874704332452              560
  -5.05572600000000       0.672874704332452              561
  -5.05583000000000       0.672874704332452              562
