  -4.27604600000000       0.767277797820094             5164
  -4.63714700000000       0.765343686568939             5165
  -4.83881400000000       0.752321506061285             5166
  -4.83964400000000       0.752702199608924             5167
  -4.83978500000000       0.754698136796515             5168
  -4.84486300000000       0.763868304284511             5169
  -4.85636600000000       0.785681540712068             5170
  -4.87007200000000       0.813306702300442             5171
  -4.86996200000000       0.847579390729517             5172
  -4.87213600000000       0.835484077386854             5173
  -4.87729100000000       0.826405956369482             5174
  -4.88194300000000       0.821293933429975             5175
  -4.88201000000000       0.820473271995492             5176
  -4.88260200000000       0.817738757743679             5177
  -4.88264900000000       0.818479900824328             5178
  -4.88285800000000       0.816880377079964             5179
