  -4.36147100000000       0.720592856696031             2394
  -4.69460100000000       0.725631288123872             2395
  -4.90640700000000       0.620325266985547             2396
  -4.90639800000000       0.620265825839381             2397
  -4.90639500000000       0.620249909914145             2398
  -4.90787000000000       0.622129021268442             2399
  -4.91172000000000       0.628054746838168             2400
  -4.91572900000000       0.641152437273695             2401
  -4.91107700000000       0.672078880747675             2402
  -4.91634400000000       0.647226008865378             2403
  -4.91870800000000       0.653977423723967             2404
  -4.91952700000000       0.659305814543228             2405
  -4.91906800000000       0.670436907545569             2406
  -4.91966200000000       0.662926921695425             2407
  -4.91991800000000       0.666517385568751             2408
