  -4.44197000000000       0.472396072496846              354
  -4.72906100000000       0.511786666536107              355
  -4.87845500000000       0.507877532931403              356
  -4.88017200000000       0.505510032086743              357
  -4.88057900000000       0.504885865200044              358
  -4.88056500000000       0.505156125297894              359
  -4.88058100000000       0.501167830137474              360
  -4.88221900000000       0.494560334534811              361
  -4.88376200000000       0.482482900058831              362
  -4.88516300000000       0.482482900058831              363
