  -4.27127400000000       0.822979632054834             3060
  -4.65746000000000       0.821939188771901             3061
  -4.83684700000000       0.821364196870549             3062
  -4.84453100000000       0.821331797532365             3063
  -4.84521600000000       0.821327824880286             3064
  -4.84521200000000       0.821328044493799             3065
  -4.84754500000000       0.821581754691430             3066
  -4.85394900000000       0.822557917040529             3067
  -4.86358900000000       0.825506398983876             3068
  -4.86527000000000       0.835446264938773             3069
  -4.86782700000000       0.830146073027274             3070
  -4.86785900000000       0.830586627780662             3071
  -4.86904000000000       0.831372812426801             3072
  -4.86911800000000       0.831640611901970             3073
  -4.87033100000000       0.831766468914826             3074
  -4.87325400000000       0.870442937286139             3075
  -4.87673000000000       0.874611113434259             3076
  -4.87226100000000       0.860689199255545             3077
  -4.87721700000000       0.875693847907586             3078
  -4.87883800000000       0.876614384035366             3079
  -4.87889200000000       0.876817409537664             3080
  -4.88019900000000       0.879754314046162             3081
  -4.87978000000000       0.886225055614180             3082
  -4.88092400000000       0.882478705649209             3083
  -4.88107000000000       0.882990546457565             3084
  -4.88134200000000       0.882765448384187             3085
