  -4.25843800000000       0.655844046353411             4728
  -4.65301800000000       0.517681416704137             4729
  -4.83977900000000       0.501506920795824             4730
  -4.84590400000000       0.502822611422011             4731
  -4.84643600000000       0.503403795746751             4732
  -4.84643600000000       0.503289614921029             4733
  -4.84819800000000       0.503410656691130             4734
  -4.85283900000000       0.565976701351831             4735
  -4.85910600000000       0.579016114646120             4736
  -4.85985200000000       0.586110460533348             4737
  -4.86130100000000       0.580834197035372             4738
  -4.86463600000000       0.576018511029524             4739
  -4.86561100000000       0.578871386440326             4740
  -4.86643200000000       0.575603369199275             4741
  -4.86912900000000       0.568152981018411             4742
  -4.87045400000000       0.492490179094060             4743
  -4.87222200000000       0.481902297482774             4744
  -4.87468400000000       0.533156417296397             4745
  -4.87654200000000       0.521621588792741             4746
  -4.87762700000000       0.450365540864646             4747
  -4.87804700000000       0.516049849947868             4748
  -4.87895600000000       0.410783557555798             4749
  -4.88202600000000       0.402903186180837             4750
  -4.88926400000000       0.407906883667082             4751
  -4.90212700000000       0.447759634867731             4752
  -4.86772900000000       0.527137440011733             4753
  -4.90591600000000       0.422920243369471             4754
  -4.90022200000000       0.500833098305721             4755
  -4.90580600000000       0.484214419656903             4756
  -4.90637400000000       0.428697571929443             4757
  -4.90781000000000       0.441036972056111             4758
  -4.91029600000000       0.467766862299427             4759
  -4.90908200000000       0.471330971371881             4760
  -4.91113300000000       0.465362986957713             4761
  -4.91424600000000       0.470216134452643             4762
  -4.92303800000000       0.480741981044326             4763
  -4.93784400000000       0.503196790779564             4764
  -4.95750700000000       0.517439265838676             4765
  -4.96013300000000       0.495046904285690             4766
  -4.96469100000000       0.493346460569413             4767
  -4.96898900000000       0.489973616658170             4768
  -4.97966000000000       0.481548385071020             4769
  -4.99141500000000       0.471097952562681             4770
  -4.99268700000000       0.471763608420313             4771
  -4.99862100000000       0.480311788772205             4772
  -5.00586800000000       0.478620176107896             4773
  -5.00595700000000       0.485855730560625             4774
  -5.00894600000000       0.490004899395006             4775
  -5.00919700000000       0.496184094902199             4776
  -5.01002400000000       0.507871165462378             4777
  -5.01071900000000       0.512855619530180             4778
  -5.01073300000000       0.514407843783421             4779
  -5.01105200000000       0.519392206989560             4780
  -5.01136100000000       0.524743031003703             4781
  -5.01150300000000       0.526951031924779             4782
  -5.01161200000000       0.528824214725819             4783
  -5.01171400000000       0.528616677098804             4784
  -5.01193300000000       0.528448263044790             4785
  -5.01197200000000       0.529942957745946             4786
