  -4.28796600000000       0.846972075014776             1889
  -4.71453800000000       0.731485871355408             1890
  -4.88075700000000       0.707799692641284             1891
  -4.89774500000000       0.831737393664472             1892
  -4.89891600000000       0.832441858177492             1893
  -4.89892300000000       0.833124076247851             1894
  -4.90145100000000       0.714987646711985             1895
  -4.90781900000000       0.715890348015577             1896
  -4.91515100000000       0.721300686766352             1897
  -4.91023700000000       0.709481564997445             1898
  -4.91652900000000       0.712113872844102             1899
  -4.92059300000000       0.711978605166406             1900
  -4.93269500000000       0.710073801027847             1901
  -4.95019800000000       0.702158245426026             1902
  -4.95044400000000       0.698283012587077             1903
  -4.95126000000000       0.699658647694081             1904
  -4.95689800000000       0.698571807303540             1905
  -4.95830300000000       0.698198987893123             1906
  -4.95832400000000       0.698012491230004             1907
  -4.95976900000000       0.699865166485153             1908
  -4.95998400000000       0.701182903835648             1909
  -4.96127400000000       0.704459932677448             1910
  -4.96370300000000       0.712113015589616             1911
  -4.96110000000000       0.662320121832174             1912
  -4.96400200000000       0.715014924180066             1913
  -4.96566100000000       0.717030142914193             1914
  -4.96974400000000       0.669037050804362             1915
  -4.97556700000000       0.696206738056557             1916
  -4.96919400000000       0.702662682222284             1917
  -4.97679900000000       0.689936661842196             1918
  -4.97819700000000       0.697565445776421             1919
  -4.98159600000000       0.713144730938164             1920
  -4.98351200000000       0.714513066493172             1921
  -4.98378900000000       0.714694193383258             1922
  -4.98545800000000       0.720845755556090             1923
  -4.98902200000000       0.734567884666841             1924
  -4.99011500000000       0.746711850146668             1925
  -4.99062900000000       0.741772901252724             1926
  -4.99063200000000       0.742301633732657             1927
  -4.99075200000000       0.743549780609425             1928
  -4.99077900000000       0.744724546519292             1929
  -4.99085200000000       0.745892923381916             1930
  -4.99088200000000       0.746880641084130             1931
