  -4.29644200000000       0.814656342838743             4387
  -4.73821700000000       0.817141538835376             4388
  -4.89789100000000       0.824903373254029             4389
  -4.91920100000000       0.823278941408939             4390
  -4.92066100000000       0.822683360295001             4391
  -4.92067300000000       0.823090546708570             4392
  -4.92223400000000       0.824779486650988             4393
  -4.92683400000000       0.830088042024924             4394
  -4.93308700000000       0.847549323101331             4395
  -4.93176200000000       0.843918974167315             4396
  -4.93335300000000       0.837746851041350             4397
  -4.93415400000000       0.837435852101554             4398
  -4.93419400000000       0.838455574702877             4399
  -4.93526800000000       0.840620614741994             4400
  -4.93656700000000       0.754769201692015             4401
  -4.93768500000000       0.755434498400294             4402
  -4.93907100000000       0.754000171996899             4403
  -4.93936400000000       0.754429562484305             4404
  -4.94033700000000       0.756987729366647             4405
  -4.94242800000000       0.820192046834498             4406
  -4.94291000000000       0.818876886820395             4407
  -4.94323000000000       0.819193929683259             4408
  -4.94482900000000       0.821282766614479             4409
  -4.94809600000000       0.826008465174660             4410
  -4.94577100000000       0.829028399082200             4411
  -4.94868600000000       0.811092978634961             4412
  -4.95083800000000       0.809927019908465             4413
  -4.95212300000000       0.808319880384226             4414
  -4.95447200000000       0.825305524141521             4415
  -4.95643700000000       0.821292114860764             4416
  -4.95718300000000       0.821479295096639             4417
  -4.95760800000000       0.821730606662282             4418
  -4.95887700000000       0.818974485981016             4419
  -4.96286900000000       0.814175315113763             4420
  -4.97285500000000       0.801922357522133             4421
  -4.95914400000000       0.848413413711589             4422
  -4.97583200000000       0.811366914503320             4423
  -4.97717200000000       0.829243940957549             4424
  -4.97800400000000       0.820660393677311             4425
  -4.98342700000000       0.832176997108177             4426
  -4.98383900000000       0.835583491202145             4427
  -4.98924900000000       0.835212337670383             4428
  -4.99291400000000       0.834270501599833             4429
  -4.98792200000000       0.836899200459783             4430
  -4.99342400000000       0.835516185395900             4431
  -4.99405100000000       0.833856743270252             4432
  -4.99440300000000       0.831988044967969             4433
  -4.99404300000000       0.829466264905785             4434
  -4.99445300000000       0.831465156744425             4435
  -4.99477200000000       0.829594390888724             4436
  -4.99477200000000       0.829578090081055             4437
  -4.99483500000000       0.829839591325872             4438
