  -4.26145200000000       0.834557914604018             5036
  -4.54789500000000       0.810597886355792             5037
  -4.74710200000000       0.826112746504447             5038
  -4.74892000000000       0.827796258511354             5039
  -4.74864200000000       0.834483080390493             5040
  -4.76388600000000       0.837579764483297             5041
  -4.78494500000000       0.841243305179551             5042
  -4.78782400000000       0.842310002283100             5043
  -4.78854800000000       0.843707172821743             5044
  -4.79521300000000       0.838961292786954             5045
  -4.80142700000000       0.842994547015568             5046
  -4.80362900000000       0.844759380803848             5047
  -4.80863200000000       0.845349449316783             5048
  -4.80878300000000       0.846796941756014             5049
  -4.81039500000000       0.848161674754977             5050
  -4.81336700000000       0.843538773708090             5051
  -4.81600700000000       0.834712980548763             5052
  -4.81582500000000       0.830751636692424             5053
  -4.81685900000000       0.834310277843290             5054
  -4.81759000000000       0.832023419863617             5055
  -4.81772000000000       0.832732474264259             5056
  -4.81848900000000       0.806981249320267             5057
  -4.81863200000000       0.805148364517342             5058
  -4.81945100000000       0.805726391841325             5059
  -4.82012100000000       0.807066377455064             5060
  -4.81972400000000       0.812950548573403             5061
  -4.82029900000000       0.808578803085160             5062
  -4.82111900000000       0.812011316765099             5063
  -4.82143400000000       0.816633118334589             5064
  -4.82196900000000       0.819031477283021             5065
  -4.82313100000000       0.826934033088876             5066
  -4.82343400000000       0.844181156181721             5067
  -4.82365900000000       0.837537970849171             5068
  -4.82414400000000       0.839518712095228             5069
  -4.82447000000000       0.837308025453925             5070
  -4.82477500000000       0.838712821572509             5071
  -4.82501400000000       0.846070052620111             5072
  -4.82525600000000       0.847038030761806             5073
