  -4.22921900000000       0.878592731573722             4653
  -4.59367000000000       0.765069687115328             4654
  -4.77437500000000       0.833503300543438             4655
  -4.77843500000000       0.888380869349079             4656
  -4.77903900000000       0.832536751746415             4657
  -4.80629100000000       0.832542742606082             4658
  -4.83479500000000       0.840385980670616             4659
  -4.83980700000000       0.895506731934215             4660
  -4.84782800000000       0.889277351189476             4661
  -4.84803200000000       0.887229588899019             4662
  -4.85333000000000       0.827003014214378             4663
  -4.85851000000000       0.811929045225369             4664
  -4.86346200000000       0.805697355591337             4665
  -4.86434800000000       0.803523424417198             4666
  -4.86732600000000       0.802399163612219             4667
  -4.86851200000000       0.802576945313940             4668
  -4.87047200000000       0.803139124237717             4669
  -4.87157900000000       0.884770637874659             4670
  -4.87179100000000       0.798459318980754             4671
  -4.87208100000000       0.801852632105180             4672
  -4.87284200000000       0.802733774636250             4673
  -4.87290500000000       0.803069965262385             4674
  -4.87327200000000       0.880554793418905             4675
  -4.87352900000000       0.880537199449386             4676
  -4.87383500000000       0.880794088391076             4677
  -4.87411100000000       0.882141283971953             4678
  -4.87441000000000       0.882020106350094             4679
  -4.87454500000000       0.881397210524999             4680
