  -4.29899000000000       0.859670045290458             4533
  -4.68532800000000       0.812303977869616             4534
  -4.85578000000000       0.776500817980867             4535
  -4.86356500000000       0.778482385268814             4536
  -4.86456400000000       0.779295350302622             4537
  -4.87288400000000       0.780987878953860             4538
  -4.88836000000000       0.804565624819603             4539
  -4.88720400000000       0.816879237834343             4540
  -4.89217800000000       0.810655732759245             4541
  -4.89225600000000       0.809758380708190             4542
  -4.89549000000000       0.811842661519510             4543
  -4.89765400000000       0.831766806707185             4544
  -4.90014000000000       0.833837646531901             4545
  -4.90598300000000       0.842516546298717             4546
  -4.90924400000000       0.850523308142826             4547
  -4.90954400000000       0.846394886850357             4548
  -4.91284200000000       0.852008830345372             4549
  -4.91357000000000       0.851809659771422             4550
  -4.91588000000000       0.855921453073957             4551
  -4.91650100000000       0.859189329232797             4552
  -4.91834000000000       0.861516872880214             4553
  -4.92050900000000       0.866839510352374             4554
  -4.92171500000000       0.856310167450146             4555
  -4.92316400000000       0.863924079412284             4556
  -4.92517100000000       0.868129537086620             4557
  -4.92737700000000       0.881507240934989             4558
  -4.92954600000000       0.869582491496790             4559
  -4.93257400000000       0.866582890453525             4560
  -4.93512500000000       0.852874731142451             4561
  -4.93943200000000       0.829130751126714             4562
  -4.94166100000000       0.826075234749455             4563
  -4.94645100000000       0.814707627954993             4564
  -4.94322100000000       0.820404646245246             4565
  -4.94756900000000       0.811510594698967             4566
  -4.95124900000000       0.806796832214862             4567
  -4.95462100000000       0.826623498267487             4568
  -4.95816500000000       0.815428896225592             4569
  -4.96356800000000       0.799748068552181             4570
  -4.96770900000000       0.802919607629447             4571
  -4.97576700000000       0.777107343155095             4572
  -4.96146100000000       0.780749464364307             4573
  -4.97681300000000       0.777660175609734             4574
  -4.98295900000000       0.779326663978247             4575
  -4.98647600000000       0.780803384732660             4576
  -4.99245300000000       0.780024889992514             4577
  -4.99399900000000       0.779048182265374             4578
  -4.99862500000000       0.779216992535926             4579
  -4.99935600000000       0.805034361319271             4580
  -5.00261100000000       0.820175684671613             4581
  -5.00302900000000       0.821446609612325             4582
  -5.00483500000000       0.826089382954075             4583
  -5.00535000000000       0.829762325346746             4584
  -5.00650700000000       0.833850207308509             4585
  -5.00650900000000       0.834378856159700             4586
  -5.00699600000000       0.835836720961103             4587
  -5.00701300000000       0.836221290401430             4588
  -5.00728000000000       0.836153973588580             4589
  -5.00732200000000       0.836109972535083             4590
  -5.00738300000000       0.835858290030085             4591
