  -4.07771700000000       0.858928437687216             3087
  -4.54546800000000       0.861221200243209             3088
  -4.72000000000000       0.865672865198831             3089
  -4.73839600000000       0.864850461087092             3090
  -4.73983000000000       0.864537142212073             3091
  -4.73983300000000       0.864552791908433             3092
  -4.73983300000000       0.864557994355507             3093
  -4.74102000000000       0.861606152575139             3094
  -4.74445300000000       0.853032902363223             3095
  -4.74996200000000       0.837224087674451             3096
  -4.75721200000000       0.811280822591080             3097
  -4.76864200000000       0.645230440925146             3098
  -4.77440500000000       0.671985278974312             3099
  -4.77687800000000       0.659327380355274             3100
  -4.78039700000000       0.670701165561802             3101
  -4.78465800000000       0.671977250899061             3102
  -4.78961200000000       0.672449621062224             3103
  -4.78970000000000       0.672685586638864             3104
  -4.78970800000000       0.672637646898194             3105
  -4.78995500000000       0.672772082914115             3106
