 -0.367532000000000       0.534100022177814              469
  -4.54096800000000       0.534100022177824              470
  -4.95420800000000       0.534100022177962              471
  -5.04103100000000       0.534100022177961              472
  -5.08734500000000       0.534100022177726              473
  -5.09044300000000       0.534100022177980              474
  -5.09046600000000       0.534100022177868              475
  -5.09397500000000       0.534100022177972              476
  -5.09781600000000       0.534100022177830              477
  -5.09781700000000       0.534100022177800              478
  -5.09781700000000       0.534100022177535              479
  -5.09787900000000       0.534100022177535              480
