 -0.875766000000000       0.953621047579425             5418
  -4.28636300000000       0.960383165387300             5419
  -4.61251100000000       0.940774215329169             5420
  -4.80305500000000       0.963180638819136             5421
  -4.80302900000000       0.963116573534081             5422
  -4.81023200000000       0.963050657400012             5423
  -4.82575300000000       0.939971852604840             5424
  -4.83540900000000       0.927228452229690             5425
  -4.84536000000000       0.928246663532360             5426
  -4.85095800000000       0.930403256455528             5427
  -4.85279900000000       0.927939234924384             5428
  -4.85632200000000       0.922530462662478             5429
  -4.85458400000000       0.934910159434902             5430
  -4.85697900000000       0.922185288207456             5431
  -4.85859000000000       0.920751777087853             5432
  -4.86030200000000       0.920291541262706             5433
  -4.86156200000000       0.920416967261624             5434
  -4.86544500000000       0.904835423651445             5435
  -4.87296300000000       0.888359771877150             5436
  -4.87446600000000       0.887431325343746             5437
  -4.87691100000000       0.895813046299822             5438
  -4.87714000000000       0.878743015645560             5439
  -4.87991500000000       0.885527475836009             5440
  -4.88418600000000       0.901910456452839             5441
  -4.89366400000000       0.903876460147019             5442
  -4.90298600000000       0.912601630739510             5443
  -4.91555300000000       0.911851157216930             5444
  -4.91708000000000       0.943084871251322             5445
  -4.92790300000000       0.959927461106997             5446
  -4.93293700000000       0.956718247899150             5447
  -4.94037200000000       0.956419338116604             5448
  -4.94076200000000       0.956238335657770             5449
  -4.94669300000000       0.982454277300989             5450
  -4.94702000000000       0.981704546416705             5451
  -4.95254100000000       0.973911141306982             5452
  -4.95663700000000       0.945419604469566             5453
  -4.96040900000000       0.931445870061785             5454
  -4.96040900000000       0.932168112704563             5455
  -4.96213000000000       0.924025649834322             5456
  -4.96215800000000       0.922848662875463             5457
  -4.96257000000000       0.919764557500917             5458
