  -4.32864400000000       0.651500313239030             4467
  -4.73022700000000       0.474907843142061             4468
  -4.88934800000000       0.581337401531350             4469
  -4.90310200000000       0.578311870262471             4470
  -4.90463900000000       0.577398401309959             4471
  -4.90462600000000       0.577096489993972             4472
  -4.90788700000000       0.575650415243746             4473
  -4.91489300000000       0.572862853738064             4474
  -4.91777800000000       0.464522803453733             4475
  -4.91831300000000       0.466134841959147             4476
  -4.92115300000000       0.462277248291736             4477
  -4.92319600000000       0.456510713172835             4478
  -4.92563900000000       0.453814068260034             4479
  -4.93336200000000       0.449124615826611             4480
  -4.94922800000000       0.456183533685791             4481
  -4.97418500000000       0.505624346887753             4482
  -4.96587300000000       0.533540937039892             4483
  -4.98070000000000       0.528952473219892             4484
  -4.98258300000000       0.529641231168444             4485
  -4.98789900000000       0.531285190027713             4486
  -4.99703600000000       0.533259449073514             4487
  -5.00746600000000       0.533671234101162             4488
  -5.00835300000000       0.532548761000459             4489
  -5.01238700000000       0.532960810609130             4490
  -5.02176100000000       0.533828453543414             4491
  -5.02907800000000       0.533997867598236             4492
  -5.03003200000000       0.533999299713710             4493
  -5.03070300000000       0.534001935752550             4494
  -5.03072900000000       0.533992999568352             4495
  -5.03113400000000       0.533988990130083             4496
  -5.03164500000000       0.533948400769373             4497
  -5.03183700000000       0.533950646312421             4498
  -5.03200000000000       0.533928078715488             4499
  -5.03216800000000       0.533918785427133             4500
  -5.03221400000000       0.533901321062837             4501
  -5.03233100000000       0.533891501676309             4502
  -5.03238500000000       0.533860196514215             4503
