  -4.31897500000000       0.666597904713879             1784
  -4.78515200000000       0.666597909648074             1785
  -4.91523300000000       0.666597904713879             1786
  -4.95128400000000       0.666597904713879             1787
  -4.95397700000000       0.666597904713879             1788
  -4.95396800000000       0.666597904713879             1789
  -4.96372100000000       0.666597904713879             1790
  -4.98562100000000       0.666597900989610             1791
  -4.99492300000000       0.666597900989610             1792
  -4.99724500000000       0.666597900989610             1793
  -4.99732800000000       0.666597904713879             1794
  -4.99797000000000       0.666597904713879             1795
