 -0.478048000000000       0.661247620714595             3870
  -4.37284800000000       0.476524488833364             3871
  -4.71621600000000       0.333584881658622             3872
  -4.89388800000000       0.335758309365335             3873
  -4.89621500000000       0.335320202838638             3874
  -4.89654900000000       0.335142887747583             3875
  -4.89654500000000       0.335032382060557             3876
  -4.89849000000000       0.334408116265150             3877
  -4.90301700000000       0.333149264255184             3878
  -4.90685800000000       0.332271319428411             3879
  -4.90924600000000       0.332015000424832             3880
  -4.90968900000000       0.331944059521147             3881
  -4.90970200000000       0.331970305363489             3882
  -4.90998600000000       0.331937571190260             3883
  -4.91056900000000       0.331847389487550             3884
  -4.91042100000000       0.331677910283324             3885
  -4.91070900000000       0.331598926832633             3886
  -4.91100600000000       0.331448991506624             3887
  -4.91112500000000       0.331335980263413             3888
  -4.91137000000000       0.331373935239832             3889
