  -4.21455300000000       0.922883230287711             5313
  -4.74045200000000       0.871556452307776             5314
  -4.88104300000000       0.911812895103617             5315
  -4.92493300000000       0.920975059686765             5316
  -4.92774200000000       0.924137464163141             5317
  -4.92776100000000       0.923956512777541             5318
  -4.93052700000000       0.920299155293821             5319
  -4.93810200000000       0.909458095106148             5320
  -4.94970300000000       0.888465645578939             5321
  -4.95671500000000       0.798450453559712             5322
  -4.95729200000000       0.808439405988291             5323
  -4.96001000000000       0.794478616659108             5324
  -4.96280800000000       0.820434912976116             5325
  -4.96379900000000       0.812847017673552             5326
  -4.96393400000000       0.814735736264275             5327
  -4.96452500000000       0.812874188142295             5328
