  -4.41213600000000       0.620592946872557             1000
  -4.73320000000000       0.615219268010440             1001
  -4.89376800000000       0.613235485772018             1002
  -4.89778500000000       0.613494457887508             1003
  -4.89835200000000       0.613016379373011             1004
  -4.91450200000000       0.612321916749078             1005
  -4.93491300000000       0.614663128216138             1006
  -4.93503900000000       0.615750884115594             1007
  -4.94004100000000       0.617325635094391             1008
  -4.94204700000000       0.618321128055087             1009
  -4.94216900000000       0.618504829357708             1010
  -4.94217100000000       0.618753913559723             1011
  -4.94225600000000       0.618732501621904             1012
