  -4.35324500000000       0.530261609602684             3733
  -4.66994600000000       0.529843139531194             3734
  -4.85055600000000       0.528445918323448             3735
  -4.85077100000000       0.528495938648594             3736
  -4.89284200000000       0.528967814239734             3737
  -4.93641800000000       0.529869428022463             3738
  -4.94668600000000       0.530863235128271             3739
  -4.94947200000000       0.530654197450175             3740
  -4.96490700000000       0.531465250583572             3741
  -4.97037400000000       0.532129604893657             3742
  -4.97375500000000       0.532897115805096             3743
  -4.98225900000000       0.535096914113069             3744
  -4.98716400000000       0.537575589944225             3745
  -4.98776900000000       0.537258269401365             3746
  -4.99030700000000       0.537517923787321             3747
  -4.99590600000000       0.537544529496180             3748
  -4.99537600000000       0.535048402023226             3749
  -4.99773200000000       0.536898300115609             3750
  -4.99779600000000       0.536699844708031             3751
  -4.99852300000000       0.536731001990476             3752
  -4.99924800000000       0.536748633761283             3753
  -4.99958000000000       0.536689261630414             3754
  -4.99978000000000       0.536580183662552             3755
  -4.99984600000000       0.536527743441071             3756
