 -0.266758000000000       0.536551063261873             1628
  -4.48649000000000       0.528172159320770             1629
  -4.93493000000000       0.525634469876508             1630
  -5.01465400000000       0.522217373687695             1631
  -5.07045300000000       0.523602501051443             1632
  -5.07420700000000       0.523980053306442             1633
  -5.07420300000000       0.523335074977843             1634
  -5.07892500000000       0.522661760087718             1635
  -5.08972000000000       0.525206592740961             1636
  -5.09180600000000       0.525375394828488             1637
  -5.09465200000000       0.526471487262806             1638
  -5.09788000000000       0.527788094643086             1639
  -5.09999600000000       0.532314998925458             1640
  -5.10153200000000       0.531884425931353             1641
  -5.10152300000000       0.532041906655241             1642
  -5.10155700000000       0.532097935497377             1643
  -5.10212600000000       0.531808719903591             1644
  -5.10235500000000       0.531326871636276             1645
