  -4.29501000000000       0.812016521416149             1273
  -4.55489700000000       0.771249151709001             1274
  -4.72263000000000       0.762639726510612             1275
  -4.72272100000000       0.762197833047532             1276
  -4.72204000000000       0.762612380989012             1277
  -4.78661800000000       0.768397877439728             1278
  -4.82405100000000       0.774994859966553             1279
  -4.82739300000000       0.754883971141419             1280
  -4.83383600000000       0.750167574342511             1281
  -4.83422600000000       0.782304315513381             1282
  -4.84758400000000       0.788377446033109             1283
  -4.86678900000000       0.763463803703524             1284
  -4.87487900000000       0.768621134538724             1285
  -4.88691300000000       0.772005594379356             1286
  -4.88714500000000       0.772035628320232             1287
  -4.89096100000000       0.771960983914477             1288
  -4.89200200000000       0.771767596234461             1289
  -4.89203400000000       0.771742441691296             1290
  -4.89290500000000       0.771939077293389             1291
  -4.89290700000000       0.771760662130113             1292
  -4.89324200000000       0.771672280504443             1293
  -4.89352600000000       0.771672662295926             1294
  -4.89351000000000       0.772231370261551             1295
  -4.89360900000000       0.772306982403672             1296
  -4.89390600000000       0.773251380477901             1297
  -4.89395000000000       0.773749796555985             1298
  -4.89397800000000       0.773786847864332             1299
  -4.89418900000000       0.774546981004953             1300
  -4.89430600000000       0.775201750329718             1301
  -4.89433200000000       0.775674955380353             1302
  -4.89464600000000       0.776342226030668             1303
  -4.89486800000000       0.775213707292191             1304
  -4.89490100000000       0.775684523153072             1305
  -4.89506200000000       0.776324108260671             1306
  -4.89542300000000       0.776742027407438             1307
  -4.89505500000000       0.775739786923093             1308
  -4.89545700000000       0.775633568156681             1309
  -4.89546200000000       0.775593511005021             1310
  -4.89556000000000       0.775497924303270             1311
  -4.89561400000000       0.775458255753594             1312
