  -4.38483400000000       0.672874706413671              564
  -4.86814900000000       0.672874706413671              565
  -5.00842600000000       0.672874706413671              566
  -5.04398700000000       0.672874706413671              567
  -5.04605800000000       0.672874706413671              568
  -5.04610400000000       0.672874706413671              569
  -5.04878000000000       0.672874706413671              570
  -5.05492200000000       0.672874706413671              571
  -5.05125300000000       0.672874706413671              572
  -5.05630700000000       0.672874706413671              573
  -5.05639900000000       0.672874706413671              574
  -5.05640500000000       0.672874706413671              575
  -5.05685900000000       0.672874706413671              576
  -5.05688200000000       0.672874706413671              577
