  -4.28222700000000       0.889963591057773             5520
  -4.59381400000000       0.887598406735158             5521
  -4.79380100000000       0.885093614197256             5522
  -4.79365600000000       0.885022828996544             5523
  -4.79320400000000       0.907648993493946             5524
  -4.82421000000000       0.885446366465571             5525
  -4.87251600000000       0.888203986480084             5526
  -4.87754700000000       0.900163147520315             5527
  -4.88655300000000       0.894300062400833             5528
  -4.92657800000000       0.899514095113944             5529
  -4.94215800000000       0.905999485460427             5530
  -4.94221400000000       0.905505664700349             5531
  -4.94221900000000       0.905596317871677             5532
  -4.94377400000000       0.904212016405912             5533
  -4.94434500000000       0.902729310222090             5534
  -4.94434800000000       0.902817906236278             5535
