  -4.29582700000000       0.887206270482392             3786
  -4.65595300000000       0.834176272902742             3787
  -4.83186200000000       0.833491704866847             3788
  -4.83625200000000       0.861991604364635             3789
  -4.83672600000000       0.862118193954869             3790
  -4.84403000000000       0.861882555393512             3791
  -4.85655100000000       0.832280991467910             3792
  -4.85083400000000       0.808930732579058             3793
  -4.85857800000000       0.831935832102262             3794
  -4.85863100000000       0.832020851009427             3795
  -4.86049800000000       0.858707485591314             3796
  -4.86399000000000       0.851576921143070             3797
  -4.86020500000000       0.810793243641515             3798
  -4.86446900000000       0.820853805247687             3799
  -4.86622200000000       0.817906130127209             3800
  -4.86950700000000       0.809033468553196             3801
  -4.86734900000000       0.792154649759266             3802
  -4.87008200000000       0.803581206671506             3803
  -4.87091600000000       0.802903169796386             3804
  -4.87174000000000       0.800726092896569             3805
  -4.87245900000000       0.799171735081468             3806
  -4.87264800000000       0.797694912058179             3807
  -4.87291600000000       0.795797492522476             3808
  -4.87312700000000       0.792417544959399             3809
