  -4.21800600000000       0.757078058141959             3694
  -4.63433100000000       0.766317711039692             3695
  -4.82576500000000       0.782016146248709             3696
  -4.83289600000000       0.779675456531198             3697
  -4.83355700000000       0.778881975979003             3698
  -4.83355500000000       0.779074910277728             3699
  -4.83502300000000       0.778475340536904             3700
  -4.83932800000000       0.776017759889513             3701
  -4.84728900000000       0.770509243262161             3702
  -4.86041100000000       0.726024814783925             3703
  -4.87185800000000       0.663212953249560             3704
  -4.87577900000000       0.660744261336167             3705
  -4.88712100000000       0.656097363602632             3706
  -4.90598600000000       0.623836925628119             3707
  -4.91839800000000       0.625282588494240             3708
  -4.92754000000000       0.602140074696080             3709
  -4.93517600000000       0.635593823939141             3710
  -4.94187600000000       0.625611688913230             3711
  -4.95277000000000       0.604473775116360             3712
  -4.95347600000000       0.598906885497584             3713
  -4.96072500000000       0.583079995196863             3714
  -4.97496200000000       0.615727533390579             3715
  -4.96154100000000       0.575692798702076             3716
  -4.97746700000000       0.605245143776749             3717
  -4.98314500000000       0.601492648731594             3718
  -4.98826800000000       0.619012511587600             3719
  -4.99160400000000       0.565407044335151             3720
  -4.99833800000000       0.538520293459496             3721
  -4.99336200000000       0.549704655170288             3722
  -4.99960900000000       0.524425762708303             3723
  -5.00073700000000       0.529956990183625             3724
  -5.00135300000000       0.534391881635856             3725
  -5.00210200000000       0.538596245918903             3726
  -5.00218700000000       0.539304429247186             3727
  -5.00248500000000       0.538665948250938             3728
  -5.00300300000000       0.545233303622921             3729
  -5.00304200000000       0.549227017912010             3730
  -5.00337700000000       0.553623553720739             3731
