  -4.62094000000000       0.311190895814848               74
  -4.72778500000000       0.316206905118651               75
  -4.82714000000000       0.317776802239096               76
  -4.83429700000000       0.318181899636025               77
  -4.83444200000000       0.319323958904285               78
  -4.84233900000000       0.322493825263632               79
  -4.86507300000000       0.327146555410346               80
  -4.89300000000000       0.328046341104158               81
  -4.89541600000000       0.328678900442587               82
  -4.90012200000000       0.328846934501861               83
  -4.90143000000000       0.328830595117338               84
  -4.90146000000000       0.328876413359783               85
  -4.90203500000000       0.328879922771062               86
  -4.90203200000000       0.328932758348988               87
  -4.90219500000000       0.328932758348988               88
