  -4.32682600000000       0.869090385151003             5012
  -4.63057100000000       0.862500387512681             5013
  -4.81762200000000       0.855235322650161             5014
  -4.81753300000000       0.855102316944603             5015
  -4.81745300000000       0.854778079874425             5016
  -4.82417100000000       0.854817501930942             5017
  -4.83799800000000       0.856543544086413             5018
  -4.84742300000000       0.861084473196588             5019
  -4.85708300000000       0.865203434643969             5020
  -4.86313700000000       0.869789300733305             5021
  -4.86317200000000       0.870582875781259             5022
  -4.86564400000000       0.874001447341437             5023
  -4.87112200000000       0.885515434141197             5024
  -4.87079300000000       0.895834044280940             5025
  -4.87333000000000       0.888508743312022             5026
  -4.87344700000000       0.894326221025090             5027
  -4.87556500000000       0.900897711765539             5028
  -4.87657300000000       0.904584964941970             5029
  -4.87860400000000       0.904312153426100             5030
  -4.88006700000000       0.902609689184267             5031
  -4.88011400000000       0.878377048390067             5032
  -4.88042500000000       0.879327082626864             5033
  -4.88055100000000       0.879866569010835             5034
