  -4.27675500000000       0.760824684250787             2084
  -4.72725000000000       0.760576227305138             2085
  -4.88504700000000       0.760484079491659             2086
  -4.90534500000000       0.760568479230026             2087
  -4.90720900000000       0.760584782830886             2088
  -4.90722800000000       0.760647572754303             2089
  -4.91194800000000       0.760723275400370             2090
  -4.92071300000000       0.759391558288700             2091
  -4.92749400000000       0.760142056465054             2092
  -4.92936200000000       0.569053180863386             2093
  -4.93701800000000       0.557339243258105             2094
  -4.95786200000000       0.548541523292915             2095
  -5.01130700000000       0.523438054807017             2096
  -4.95723100000000       0.552139988743364             2097
  -5.02638500000000       0.546375193306669             2098
  -5.02833500000000       0.546543067550146             2099
  -5.02842500000000       0.547412521874642             2100
  -5.02940100000000       0.548708910812994             2101
  -5.03016000000000       0.548841257827655             2102
