 -0.163638000000000       0.842495013089964             3284
  -4.37838200000000       0.761016074955485             3285
  -4.69419000000000       0.745175978122943             3286
  -4.87207000000000       0.760761396269631             3287
  -4.87227000000000       0.760747592085730             3288
  -4.87238900000000       0.760944856135465             3289
  -4.89180600000000       0.745814415939246             3290
  -4.92074400000000       0.746469660950195             3291
  -4.92425200000000       0.746749897987835             3292
  -4.92494300000000       0.746923516755380             3293
  -4.93104900000000       0.745860894684339             3294
  -4.93467300000000       0.744430165559960             3295
  -4.93813200000000       0.744109831212329             3296
  -4.94454400000000       0.746965591460143             3297
  -4.93965200000000       0.726187597753441             3298
  -4.94605900000000       0.738152516388956             3299
  -4.94888900000000       0.735886514537585             3300
  -4.95461400000000       0.726032593837470             3301
  -4.95462400000000       0.694160163171125             3302
  -4.95680100000000       0.706157649728895             3303
  -4.96292400000000       0.683150107767739             3304
  -4.97224600000000       0.654726513376836             3305
  -4.97226200000000       0.656509217200957             3306
  -4.97404800000000       0.660109094093877             3307
  -4.97555000000000       0.650877584567151             3308
  -4.97593300000000       0.652209390324355             3309
