 -0.393641000000000       0.643213841753841             1585
  -4.39031900000000       0.654022488189635             1586
  -4.73487300000000       0.654697092245359             1587
  -4.89496300000000       0.642049989514104             1588
  -4.90208500000000       0.645444719218935             1589
  -4.90276100000000       0.646779103734277             1590
  -4.90275900000000       0.645690190959213             1591
  -4.90320500000000       0.643552835405583             1592
  -4.90437600000000       0.640422221074353             1593
  -4.90623000000000       0.635511950177903             1594
  -4.91022600000000       0.631019249073531             1595
  -4.91661100000000       0.651934859159508             1596
  -4.91760200000000       0.662737407069479             1597
  -4.91837900000000       0.663562479515483             1598
  -4.91994800000000       0.666556601707427             1599
  -4.91811800000000       0.680610933526212             1600
  -4.92010100000000       0.673791903507454             1601
  -4.92118100000000       0.675178265744453             1602
  -4.92300700000000       0.676088082209263             1603
  -4.92349500000000       0.678472973452521             1604
  -4.92382100000000       0.677911529309803             1605
  -4.92383500000000       0.677489530508039             1606
  -4.92422100000000       0.677160787200906             1607
  -4.92452700000000       0.677536759515445             1608
