 -0.420976000000000       0.720878073655826              494
  -4.23667600000000       0.704975784041147              495
  -4.60001000000000       0.720877694153180              496
  -4.78019700000000       0.740027409660831              497
  -4.78298000000000       0.739129036685403              498
  -4.78372800000000       0.742086391693224              499
  -4.81575100000000       0.724092109491986              500
  -4.84860900000000       0.738960110537695              501
  -4.84907000000000       0.738033902320858              502
  -4.84932800000000       0.730998791877389              503
  -4.85579100000000       0.697373220735739              504
  -4.86997100000000       0.617263101595183              505
  -4.88049500000000       0.591906378391211              506
  -4.88435600000000       0.578800098583909              507
  -4.88451700000000       0.577367641308318              508
  -4.89137900000000       0.576923764743753              509
  -4.90119000000000       0.567800465257762              510
  -4.90134700000000       0.570276065060854              511
  -4.90255300000000       0.579373632124798              512
  -4.90450400000000       0.573937918094022              513
  -4.90452000000000       0.570475059112338              514
  -4.90496900000000       0.565500620639772              515
  -4.90509900000000       0.562990769009837              516
