 -0.727717000000000       0.683432119388206             3668
  -4.16343400000000       0.686658410854684             3669
  -4.69753900000000       0.406426324478680             3670
  -4.80822500000000       0.500578907630987             3671
  -4.86264000000000       0.497526298509941             3672
  -4.86684500000000       0.496441285758615             3673
  -4.86687300000000       0.496523091411465             3674
  -4.86687300000000       0.496649808468250             3675
  -4.86792100000000       0.498805942666644             3676
  -4.87104100000000       0.505632670505440             3677
  -4.87666100000000       0.522615355534316             3678
  -4.88491000000000       0.566250169957422             3679
  -4.88260700000000       0.637039499901701             3680
  -4.88796500000000       0.617942999809165             3681
  -4.89012400000000       0.630567785060323             3682
  -4.89370200000000       0.660326869802158             3683
  -4.88747000000000       0.666013737753003             3684
  -4.89390800000000       0.654270019192581             3685
  -4.89644100000000       0.664258625559341             3686
  -4.89849700000000       0.658216857755907             3687
  -4.89873600000000       0.657914911293451             3688
  -4.89875500000000       0.659297019239197             3689
  -4.89966100000000       0.655761647232548             3690
  -4.90004000000000       0.648512684204109             3691
  -4.90031500000000       0.644373430305880             3692
