  -4.21716900000000       0.598322241064826              820
  -4.60723500000000       0.480608492015691              821
  -4.79514900000000       0.488829953181927              822
  -4.80007300000000       0.488222648578945              823
  -4.80064700000000       0.488806734917862              824
  -4.80684800000000       0.490205426124291              825
  -4.81790300000000       0.491341273260257              826
  -4.81648800000000       0.481661990691517              827
  -4.82022100000000       0.484548391617121              828
  -4.82033800000000       0.485875628428887              829
  -4.82196700000000       0.486417848341512              830
  -4.82348600000000       0.487840200641104              831
  -4.82323400000000       0.486176496854733              832
  -4.82399400000000       0.487325683532549              833
  -4.82544600000000       0.488653471390808              834
  -4.82680500000000       0.491793773743693              835
  -4.82681100000000       0.490855034375273              836
  -4.82720100000000       0.490206821869999              837
  -4.82723100000000       0.490368275883747              838
  -4.82723400000000       0.490588953889596              839
  -4.82791600000000       0.491108952320558              840
  -4.82804200000000       0.491750622124338              841
  -4.82833500000000       0.493244901649538              842
  -4.82846900000000       0.494596457872271              843
