  -4.38961000000000       0.790263048982718             4980
  -4.67288400000000       0.653653843455223             4981
  -4.84927800000000       0.654299757539636             4982
  -4.84925100000000       0.654328667910583             4983
  -4.84920000000000       0.654474748540763             4984
  -4.85613200000000       0.654287070687300             4985
  -4.87280300000000       0.654177325815812             4986
  -4.88650600000000       0.653829282223452             4987
  -4.89156200000000       0.650925379290185             4988
  -4.89288800000000       0.650894829111233             4989
  -4.89717000000000       0.650663811597289             4990
  -4.90278200000000       0.648376154053154             4991
  -4.90831400000000       0.651505586457629             4992
  -4.91026900000000       0.642029825975728             4993
  -4.91471800000000       0.646149897005447             4994
  -4.92152500000000       0.660320156396207             4995
  -4.92204900000000       0.664907147734231             4996
  -4.92656100000000       0.669907455166453             4997
  -4.92725300000000       0.670673251523229             4998
  -4.92929700000000       0.669120584593009             4999
  -4.92965300000000       0.666136661871326             5000
  -4.93128600000000       0.659240050045232             5001
  -4.93334300000000       0.636534017457302             5002
  -4.93340600000000       0.633974154364917             5003
  -4.93341100000000       0.633405272633358             5004
  -4.93368500000000       0.632126615063571             5005
  -4.93380000000000       0.628944890665661             5006
  -4.93393900000000       0.627192791950450             5007
  -4.93399100000000       0.637653181216266             5008
  -4.93392100000000       0.636809397384106             5009
  -4.93401000000000       0.638445720413399             5010
