  -4.60328200000000       0.594803834215388              926
  -4.61921500000000       0.597978890560045              927
  -4.63222800000000       0.594245371900570              928
  -4.63073600000000       0.584904876018429              929
  -4.79314600000000       0.596497341787662              930
  -4.82974300000000       0.598843789093993              931
  -4.83357100000000       0.615690260544651              932
  -4.83970400000000       0.611646178225761              933
  -4.84010900000000       0.609705734722932              934
  -4.84012200000000       0.610138509501536              935
  -4.84119800000000       0.610016422437799              936
  -4.84380800000000       0.606428678501544              937
  -4.84786800000000       0.588074713264016              938
  -4.85136600000000       0.574661640142093              939
  -4.85270900000000       0.570017204685537              940
  -4.85313600000000       0.561580270480789              941
  -4.85375200000000       0.554836501978558              942
  -4.85714800000000       0.543335451782247              943
  -4.85925700000000       0.547495119927235              944
  -4.85963700000000       0.548442403377338              945
  -4.86020700000000       0.550111407891203              946
  -4.86042600000000       0.550644136670307              947
  -4.86045900000000       0.551533199797567              948
  -4.86041500000000       0.550939781847822              949
  -4.86046800000000       0.552903977135616              950
  -4.86066600000000       0.552742786090080              951
