  -4.33490800000000       0.862740171059522             5504
  -4.70805800000000       0.866753255815283             5505
  -4.88120700000000       0.875442872566435             5506
  -4.88737500000000       0.874369575456529             5507
  -4.88811900000000       0.873908729033431             5508
  -4.88811100000000       0.873930782358339             5509
  -4.88974500000000       0.872867273671962             5510
  -4.89383800000000       0.869793197956790             5511
  -4.89813600000000       0.864256444084389             5512
  -4.89845700000000       0.862612176629087             5513
  -4.90043700000000       0.861502985136946             5514
  -4.90137800000000       0.859930229367576             5515
  -4.90277100000000       0.859646895404263             5516
  -4.90298600000000       0.859463571459150             5517
  -4.90334400000000       0.860029808990813             5518
