 -0.170551000000000       0.758809152028009             2876
  -4.26080200000000       0.744367814325057             2877
  -4.66164700000000       0.741046155920596             2878
  -4.84534300000000       0.735540322373801             2879
  -4.85314400000000       0.736082471075596             2880
  -4.85364200000000       0.736229467856376             2881
  -4.85766100000000       0.733690459959735             2882
  -4.86662900000000       0.725949797413492             2883
  -4.87122600000000       0.713517411235958             2884
  -4.87156900000000       0.717159745974346             2885
  -4.87544300000000       0.718537898310876             2886
  -4.88334200000000       0.716777435516650             2887
  -4.87908500000000       0.703363242023453             2888
  -4.88502400000000       0.702296835227076             2889
  -4.88948100000000       0.703902886219337             2890
  -4.89015300000000       0.702387793950218             2891
  -4.89248100000000       0.698885623520246             2892
  -4.89428300000000       0.687434585284887             2893
  -4.89482200000000       0.681801286455621             2894
  -4.89799900000000       0.679486687864147             2895
  -4.89878400000000       0.677325873554215             2896
  -4.90012600000000       0.675334030327161             2897
  -4.90057700000000       0.677773392724371             2898
  -4.90115300000000       0.678622613035831             2899
  -4.90125200000000       0.678068290628756             2900
  -4.90175700000000       0.698909247674725             2901
  -4.90289700000000       0.696780462048388             2902
  -4.90323000000000       0.700514562875628             2903
  -4.90337900000000       0.699393874869032             2904
  -4.90356100000000       0.698933715519568             2905
  -4.90409700000000       0.698368764665981             2906
  -4.90522000000000       0.697887255946927             2907
  -4.90697300000000       0.699378464812744             2908
  -4.90908000000000       0.707743215354224             2909
  -4.91071100000000       0.705814459585914             2910
  -4.91300800000000       0.702877719941501             2911
  -4.91638800000000       0.678521878484025             2912
  -4.91744600000000       0.681182530021938             2913
  -4.91886200000000       0.585494670088332             2914
  -4.92185000000000       0.595726134744142             2915
  -4.93286400000000       0.636984502047922             2916
  -4.95035700000000       0.649462877146077             2917
  -4.95051600000000       0.643623344915627             2918
  -4.95064800000000       0.646560687052771             2919
  -4.95329000000000       0.640754963124512             2920
  -4.95521200000000       0.549954483241529             2921
  -4.95542700000000       0.637029727685707             2922
  -4.96033400000000       0.544553856991326             2923
  -4.97253100000000       0.559472962610740             2924
  -4.98558200000000       0.575503654641143             2925
  -4.98654700000000       0.588319928520269             2926
  -4.99703400000000       0.618104588825447             2927
  -5.01104700000000       0.619163323654123             2928
  -5.02025300000000       0.629364501007844             2929
  -5.02890700000000       0.661864152188471             2930
  -5.02963600000000       0.657382359353713             2931
  -5.03796400000000       0.674711778432844             2932
  -5.04352200000000       0.650802870486198             2933
  -5.04915100000000       0.654254103533722             2934
  -5.04986000000000       0.654023236629813             2935
