  -1.16861500000000       0.705155749226175             3977
  -4.26336200000000       0.696317931927205             3978
  -4.68549100000000       0.703899449380986             3979
  -4.85074900000000       0.699407336225077             3980
  -4.86546500000000       0.701289985830452             3981
  -4.86663700000000       0.701969044267647             3982
  -4.86663700000000       0.700536494647888             3983
  -4.86759300000000       0.688601676308043             3984
  -4.87011600000000       0.681992644870128             3985
  -4.87386000000000       0.668997246000269             3986
  -4.87601400000000       0.674858934646388             3987
  -4.87872400000000       0.670084462477338             3988
  -4.88414700000000       0.677813878126599             3989
  -4.86836600000000       0.694848080028522             3990
  -4.88458300000000       0.687272924518101             3991
  -4.88625000000000       0.685177600467246             3992
  -4.89057700000000       0.694599058036756             3993
  -4.89586000000000       0.688507940412601             3994
  -4.88966400000000       0.667635765890514             3995
  -4.89691600000000       0.690873985312191             3996
  -4.90108100000000       0.654372216102094             3997
  -4.90686100000000       0.645019543251007             3998
  -4.91112700000000       0.639732254844759             3999
  -4.91510900000000       0.633099221036004             4000
  -4.91523400000000       0.631820428703471             4001
  -4.91524100000000       0.631709721912174             4002
  -4.91604700000000       0.631334976569817             4003
  -4.91712700000000       0.632264904866079             4004
  -4.91782300000000       0.612460879338373             4005
  -4.91832700000000       0.619221438955743             4006
  -4.91838400000000       0.616863571355002             4007
  -4.91879000000000       0.651113464107539             4008
  -4.91954700000000       0.650847498585227             4009
  -4.91928900000000       0.659948162635361             4010
  -4.91948600000000       0.659612121841896             4011
  -4.92014900000000       0.659837474056314             4012
  -4.92134200000000       0.654331775378474             4013
  -4.92249700000000       0.662323102448092             4014
  -4.92515500000000       0.641470281646091             4015
  -4.93222300000000       0.550818455393047             4016
  -4.93328200000000       0.586873136977966             4017
  -4.93615300000000       0.594658623030539             4018
  -4.93623900000000       0.575954677922202             4019
  -4.93641600000000       0.573755664039373             4020
  -4.93946600000000       0.573226903846840             4021
  -4.94468300000000       0.566217900335576             4022
  -4.94532100000000       0.564007097745197             4023
  -4.94720800000000       0.563546789200396             4024
  -4.94810500000000       0.562371442079027             4025
  -4.94957900000000       0.563997435934079             4026
  -4.95056200000000       0.564523134196743             4027
  -4.95067100000000       0.564557435163650             4028
  -4.95196000000000       0.565492370102960             4029
  -4.95227600000000       0.566186236625479             4030
  -4.95325100000000       0.570122033422974             4031
  -4.95393200000000       0.580891540166177             4032
  -4.95459600000000       0.565168743592323             4033
  -4.95639400000000       0.561410228656847             4034
  -4.95849200000000       0.607604344362162             4035
  -4.95955100000000       0.614145747938855             4036
