  -4.24325700000000       0.807409615085473             3311
  -4.59343400000000       0.807739938488872             3312
  -4.81987400000000       0.807978441748354             3313
  -4.81996500000000       0.807977956520374             3314
  -4.81953500000000       0.807977305159696             3315
  -4.84209000000000       0.807978423601789             3316
  -4.87070600000000       0.807974731968135             3317
  -4.87082200000000       0.807974164992947             3318
  -4.87734600000000       0.807943160385047             3319
  -4.88330400000000       0.807861264940729             3320
  -4.88332800000000       0.807854083974903             3321
  -4.88397200000000       0.807763778383450             3322
  -4.88437900000000       0.807593775436092             3323
