  -4.39919800000000       0.725177302684080             5621
  -4.65831700000000       0.726374148310642             5622
  -4.83727700000000       0.711877656667731             5623
  -4.83855700000000       0.711709535981772             5624
  -4.83850900000000       0.711062642372168             5625
  -4.84684100000000       0.710967154186492             5626
  -4.86255000000000       0.695562228160126             5627
  -4.86461500000000       0.698188399267540             5628
  -4.86736600000000       0.711527227042668             5629
  -4.87424500000000       0.709737490324502             5630
  -4.87900600000000       0.706247039101209             5631
  -4.88384100000000       0.692404938296042             5632
  -4.89133200000000       0.688692139272919             5633
  -4.89663600000000       0.653540503325817             5634
  -4.89827800000000       0.653133768777425             5635
  -4.90311600000000       0.636708303051990             5636
  -4.91340900000000       0.639930284627725             5637
  -4.89900700000000       0.608411563780369             5638
  -4.91525300000000       0.606132391213639             5639
  -4.92165800000000       0.600513701358664             5640
  -4.92987500000000       0.592639882975134             5641
  -4.92037900000000       0.601344767374104             5642
  -4.93063700000000       0.603299343355374             5643
  -4.93697200000000       0.579407136893230             5644
  -4.94292400000000       0.573888467921465             5645
  -4.94902400000000       0.587722262823143             5646
  -4.95961300000000       0.581221351254177             5647
  -4.96017900000000       0.555492555914547             5648
  -4.96760500000000       0.509228502830580             5649
  -4.97598000000000       0.508493884108099             5650
  -4.98678800000000       0.526447769925044             5651
  -4.99799600000000       0.580101904553925             5652
  -5.00350400000000       0.588753029816116             5653
  -5.01235000000000       0.642502479891731             5654
  -5.01257500000000       0.651369370864705             5655
  -5.01828300000000       0.656871026822805             5656
  -5.02847500000000       0.674912938856401             5657
  -5.02231500000000       0.713867025470651             5658
  -5.02998300000000       0.690681346535293             5659
  -5.03490600000000       0.700138066012993             5660
  -5.04188200000000       0.720942291716150             5661
  -5.04199600000000       0.724482912540419             5662
  -5.04511200000000       0.731522902026739             5663
  -5.05058200000000       0.746684596051132             5664
  -5.05119400000000       0.751702174610007             5665
  -5.05382000000000       0.756718836040098             5666
  -5.05445700000000       0.758678568494172             5667
  -5.05353800000000       0.761717955511474             5668
  -5.05453800000000       0.759572456001999             5669
  -5.05528500000000       0.760662242529172             5670
  -5.05537100000000       0.762164459750722             5671
  -5.05565400000000       0.761609007461967             5672
  -5.05617600000000       0.762040634663652             5673
  -5.05658400000000       0.762456110358975             5674
  -5.05684200000000       0.762552510374558             5675
  -5.05699200000000       0.762483741963551             5676
  -5.05715100000000       0.762469542798579             5677
  -5.05718200000000       0.762429239597837             5678
  -5.05727900000000       0.762398617639671             5679
