  -4.36278500000000       0.695073357997323              953
  -4.61593200000000       0.636614347689782              954
  -4.79404400000000       0.666192332894241              955
  -4.79609500000000       0.665899069309585              956
  -4.79582100000000       0.663603864868538              957
  -4.81169400000000       0.617724594870446              958
  -4.83761700000000       0.617149333116406              959
  -4.84107200000000       0.615824866196027              960
  -4.84183100000000       0.613436632459432              961
  -4.85443100000000       0.607719158841285              962
  -4.86661400000000       0.606091846137791              963
  -4.86691800000000       0.606328625570372              964
  -4.86989700000000       0.603310152178422              965
  -4.87349100000000       0.595515148714725              966
  -4.87576900000000       0.550807826303935              967
  -4.87847000000000       0.550662845802376              968
  -4.87841800000000       0.514710905767483              969
  -4.87909100000000       0.539905466871946              970
  -4.87999300000000       0.536186105416468              971
  -4.88252400000000       0.508343808209562              972
  -4.88621100000000       0.490030233865190              973
  -4.88608700000000       0.510384509194550              974
  -4.88796400000000       0.483305203628902              975
  -4.89179500000000       0.473780015794362              976
  -4.89817500000000       0.503355414728427              977
  -4.90436500000000       0.469479935471952              978
  -4.91196700000000       0.473160639978090              979
  -4.91226000000000       0.471493840307013              980
  -4.91621800000000       0.435903947225350              981
  -4.92658400000000       0.448476394920215              982
  -4.93078500000000       0.457448956453836              983
  -4.93353500000000       0.460838156766263              984
  -4.93554800000000       0.466356331115038              985
  -4.93664100000000       0.468822449786688              986
  -4.94127100000000       0.474436136382796              987
  -4.95125400000000       0.478838114773607              988
  -4.95754000000000       0.478905888227891              989
  -4.96321300000000       0.481119217155018              990
  -4.96512900000000       0.483357056804915              991
  -4.96957000000000       0.483055040107235              992
  -4.97584800000000       0.487561060104689              993
  -4.97594300000000       0.486056312199388              994
  -4.97797100000000       0.486223675878470              995
  -4.97824400000000       0.487423406018647              996
  -4.97888200000000       0.488575668965150              997
  -4.97901100000000       0.489087612692412              998
