  -4.23263400000000       0.703744961996401              482
  -4.70232700000000       0.536655699961557              483
  -4.88594000000000       0.536648570647932              484
  -4.90271300000000       0.536645896666142              485
  -4.90410000000000       0.536645928450986              486
  -4.90410100000000       0.536645933075088              487
  -4.90410100000000       0.536566376213940              488
  -4.90421600000000       0.536396147682122              489
  -4.90459100000000       0.536365630857375              490
  -4.90540700000000       0.537560238854903              491
  -4.90655300000000       0.545050550772225              492
  -4.90871300000000       0.545050550772225              493
