  -4.19679400000000       0.707271155854444             1458
  -4.60947300000000       0.709347232962599             1459
  -4.79294100000000       0.701942793680200             1460
  -4.80050800000000       0.703748311476749             1461
  -4.80150900000000       0.706910214360627             1462
  -4.82060400000000       0.717517993641159             1463
  -4.83901000000000       0.728207407019851             1464
  -4.84197300000000       0.731292824893933             1465
  -4.84231500000000       0.732557955484175             1466
  -4.84545400000000       0.734152353096745             1467
  -4.85123100000000       0.734496200565468             1468
  -4.85321100000000       0.737511624508092             1469
  -4.85407700000000       0.736040563203656             1470
  -4.85644700000000       0.733645432631154             1471
  -4.86300400000000       0.725278445436550             1472
  -4.87266400000000       0.701215656167506             1473
  -4.87072200000000       0.709417008003130             1474
  -4.87522900000000       0.709486749951270             1475
  -4.88181100000000       0.707716928288388             1476
  -4.88313300000000       0.707406770743720             1477
  -4.88464300000000       0.707303375051643             1478
  -4.88811000000000       0.707985445752398             1479
  -4.88852200000000       0.712378502627509             1480
  -4.88959400000000       0.709702418913863             1481
  -4.89134700000000       0.711663747511903             1482
  -4.89539400000000       0.622827147566465             1483
  -4.90516400000000       0.633817290215849             1484
  -4.90229500000000       0.628026682169429             1485
  -4.90770100000000       0.632341494307098             1486
  -4.90867900000000       0.633721225505865             1487
  -4.90989200000000       0.635934085159984             1488
  -4.91307300000000       0.641067649586582             1489
  -4.91422000000000       0.635656516024015             1490
  -4.91458000000000       0.638505780246646             1491
  -4.91837800000000       0.642122766541934             1492
  -4.92841000000000       0.646021490667826             1493
  -4.93908000000000       0.640968419177845             1494
  -4.94068600000000       0.638534888500204             1495
  -4.94871200000000       0.639856163705319             1496
  -4.96463800000000       0.635059716643172             1497
  -4.96615400000000       0.628909401543758             1498
  -4.97008500000000       0.630586074554864             1499
  -4.97779800000000       0.666726242069128             1500
  -4.98037700000000       0.662098299969802             1501
  -4.98576800000000       0.658684187673379             1502
  -4.98617500000000       0.662914975871377             1503
  -4.98747200000000       0.666540173403855             1504
  -4.98785500000000       0.673409797410110             1505
  -4.98742900000000       0.668583897582619             1506
  -4.98788500000000       0.668055743701619             1507
  -4.98788900000000       0.669840611438680             1508
  -4.98813300000000       0.671390099211391             1509
  -4.98819500000000       0.670640212160034             1510
  -4.98820200000000       0.671968494751313             1511
  -4.98833700000000       0.673167656715874             1512
  -4.98840300000000       0.673061020411358             1513
