  -4.44074100000000       0.367717674818119              243
  -4.75074000000000       0.349819740162962              244
  -4.91403900000000       0.334757157294348              245
  -4.91544500000000       0.335519105030268              246
  -4.91565800000000       0.336037220636203              247
  -4.91568900000000       0.335636087554058              248
  -4.91646700000000       0.334914872261043              249
  -4.91888600000000       0.333606522962367              250
  -4.92153700000000       0.333409396522597              251
  -4.92137600000000       0.333368934083656              252
  -4.92156500000000       0.333045150067024              253
  -4.92192600000000       0.333022982577801              254
  -4.92195600000000       0.333114070692344              255
  -4.92219000000000       0.333124454987225              256
