  -4.44306800000000       0.892914271043766             4830
  -4.63307600000000       0.891729626226574             4831
  -4.80580600000000       0.697023882791357             4832
  -4.82209400000000       0.696456401781632             4833
  -4.82233100000000       0.696240388637703             4834
  -4.85806400000000       0.695381511040698             4835
  -4.89389200000000       0.694509064107337             4836
  -4.89701200000000       0.694495930525327             4837
  -4.89718900000000       0.694519305862273             4838
  -4.90800700000000       0.694581243615093             4839
  -4.91798200000000       0.747509836030233             4840
  -4.91902100000000       0.747407744337025             4841
  -4.92071100000000       0.747209331765634             4842
  -4.91929900000000       0.887573432293415             4843
  -4.92100600000000       0.928329836867506             4844
  -4.92101700000000       0.928328116416973             4845
  -4.92107300000000       0.928328436864815             4846
