  -4.15652100000000       0.598228575631982              757
  -4.55037900000000       0.595913775137172              758
  -4.72155100000000       0.589685487668266              759
  -4.72841200000000       0.590501741523645              760
  -4.72985600000000       0.592935931710221              761
  -4.77568500000000       0.646349692246079              762
  -4.81196000000000       0.646842954824388              763
  -4.81205700000000       0.648868264531417              764
  -4.81833400000000       0.654748976272124              765
  -4.82840800000000       0.658084735534282              766
  -4.83507800000000       0.665374102709814              767
  -4.85347900000000       0.639481249656599              768
  -4.84254700000000       0.650543123007539              769
  -4.85854800000000       0.653170495340455              770
  -4.86609800000000       0.644307544616128              771
  -4.87003900000000       0.645118215932590              772
  -4.87325700000000       0.655996604004418              773
  -4.87811200000000       0.658691189838010              774
  -4.87846700000000       0.661721077677694              775
  -4.87875800000000       0.664575667026080              776
  -4.88035000000000       0.667951819578498              777
  -4.88045200000000       0.668649919085357              778
  -4.88046400000000       0.668456700728308              779
  -4.88084300000000       0.669777641123955              780
  -4.88091400000000       0.670437376093345              781
