 -0.324718000000000       0.858120152760809             4901
  -4.23154100000000       0.836374985476223             4902
  -4.65782000000000       0.766336338952390             4903
  -4.81262700000000       0.818864734948256             4904
  -4.83079900000000       0.820988024183142             4905
  -4.83282900000000       0.819020020911320             4906
  -4.85109800000000       0.765231527049884             4907
  -4.87121800000000       0.757849409372553             4908
  -4.87597500000000       0.752792056045400             4909
  -4.87787800000000       0.763528087684346             4910
  -4.88376400000000       0.730060204925576             4911
  -4.88615900000000       0.722193433714365             4912
  -4.88646800000000       0.723252564893999             4913
  -4.88770500000000       0.714778426100440             4914
  -4.88905900000000       0.719001480713098             4915
  -4.88907600000000       0.719230784442664             4916
  -4.88974900000000       0.720608634804143             4917
  -4.89023500000000       0.720036184685082             4918
  -4.89025600000000       0.720942832980603             4919
  -4.89089500000000       0.723689294145306             4920
  -4.89155500000000       0.774764028280757             4921
  -4.89212600000000       0.770122471470039             4922
  -4.89344300000000       0.759488195120692             4923
  -4.89409400000000       0.742862973952179             4924
  -4.89413700000000       0.740194747644920             4925
  -4.89471500000000       0.737724835865548             4926
  -4.89490800000000       0.733049825499731             4927
  -4.89536600000000       0.723820279109144             4928
  -4.89562100000000       0.718056253212413             4929
  -4.89566700000000       0.714519784537068             4930
  -4.89603900000000       0.705932039795572             4931
  -4.89692600000000       0.689308826518618             4932
  -4.89686100000000       0.697861192214843             4933
  -4.89691300000000       0.694833614506274             4934
  -4.89758600000000       0.690535318957976             4935
  -4.89939600000000       0.683067895843375             4936
  -4.90158400000000       0.667104572123420             4937
  -4.89485600000000       0.697802219628192             4938
  -4.90178100000000       0.685561579651214             4939
  -4.90305000000000       0.685050363292460             4940
  -4.90330400000000       0.684974828247104             4941
  -4.90332500000000       0.685801610668452             4942
  -4.90365300000000       0.687940486389561             4943
  -4.90412100000000       0.686270836348838             4944
  -4.90449400000000       0.682347333651251             4945
  -4.90486500000000       0.675096137470517             4946
  -4.90548800000000       0.682579684994163             4947
  -4.90566800000000       0.682967834438763             4948
  -4.90618900000000       0.681996793037954             4949
  -4.90725300000000       0.676437705183178             4950
  -4.90879600000000       0.697439731975061             4951
  -4.90460600000000       0.748574156227984             4952
  -4.90903000000000       0.710191996291117             4953
  -4.91048900000000       0.723847599237603             4954
  -4.91231300000000       0.737582526022509             4955
  -4.91241000000000       0.740011036297677             4956
  -4.91348100000000       0.739709507819410             4957
  -4.91449900000000       0.739226714926472             4958
  -4.91373500000000       0.737774202672409             4959
  -4.91473000000000       0.738743808683879             4960
