  -4.21988400000000       0.882868901198633             1347
  -4.65139400000000       0.770656877998423             1348
  -4.85806600000000       0.776179121933525             1349
  -4.86367700000000       0.776400089075226             1350
  -4.86432500000000       0.776481250269227             1351
  -4.86432000000000       0.777568198792847             1352
  -4.86719600000000       0.779702296525410             1353
  -4.87346600000000       0.782643887091966             1354
  -4.87890700000000       0.780377651929422             1355
  -4.87920000000000       0.781943979606468             1356
  -4.88311700000000       0.784360736745575             1357
  -4.88537000000000       0.786824946263273             1358
  -4.89041700000000       0.790368293429395             1359
  -4.89484400000000       0.819499849914883             1360
  -4.89159600000000       0.792478353105567             1361
  -4.89529100000000       0.792325705486227             1362
  -4.89586100000000       0.791736142794548             1363
  -4.89870500000000       0.793049931255494             1364
  -4.89873600000000       0.793591695481271             1365
  -4.89931700000000       0.795458701359252             1366
  -4.89947400000000       0.797734525782975             1367
  -4.89952700000000       0.796907443265811             1368
  -4.89978600000000       0.798615666625332             1369
  -4.89980500000000       0.799264240341851             1370
  -4.89992400000000       0.800053218535556             1371
