  -4.17248400000000       0.864540669652325             3186
  -4.62047600000000       0.769994696546519             3187
  -4.83027600000000       0.862865557300116             3188
  -4.83721200000000       0.860800671008795             3189
  -4.83785200000000       0.859870767169941             3190
  -4.83785200000000       0.859517258310336             3191
  -4.83931800000000       0.859430463536419             3192
  -4.84357400000000       0.860000174915342             3193
  -4.85035400000000       0.859354873756766             3194
  -4.85389200000000       0.865329914993111             3195
  -4.85438100000000       0.859783474382613             3196
  -4.85665200000000       0.849054885764087             3197
  -4.85943100000000       0.856200597990532             3198
  -4.86045000000000       0.853980952846274             3199
  -4.86130900000000       0.858457284102073             3200
  -4.86227000000000       0.860581579440310             3201
  -4.86302000000000       0.860118838564162             3202
  -4.86303700000000       0.860600636818896             3203
  -4.86314400000000       0.862473555947409             3204
  -4.86343600000000       0.866798702439251             3205
  -4.86401500000000       0.875754963086260             3206
  -4.86498900000000       0.893905679331104             3207
  -4.86553500000000       0.899930266533647             3208
  -4.86570000000000       0.900514449705706             3209
  -4.86616600000000       0.899993112036140             3210
  -4.86664400000000       0.896913360602023             3211
  -4.86667900000000       0.895870354176997             3212
  -4.86689300000000       0.896819336062357             3213
  -4.86738100000000       0.899231702462186             3214
  -4.86771300000000       0.901500499616314             3215
  -4.86773100000000       0.900960473340297             3216
  -4.86787500000000       0.901545369192573             3217
