  -4.19708900000000       0.800053032443635             3219
  -4.62517700000000       0.788859918587812             3220
  -4.80524000000000       0.788317803483454             3221
  -4.81592900000000       0.787334727503788             3222
  -4.81762100000000       0.787203180406067             3223
  -4.81760000000000       0.786055697042033             3224
  -4.82946900000000       0.781122307435676             3225
  -4.84201200000000       0.774713286016949             3226
  -4.84226500000000       0.773705222116599             3227
  -4.84230200000000       0.772848388611408             3228
  -4.84417800000000       0.769849565031779             3229
  -4.84844400000000       0.762674313494246             3230
  -4.85129300000000       0.753247477470833             3231
  -4.85313400000000       0.749562825114007             3232
  -4.85631100000000       0.742669720723530             3233
  -4.85682700000000       0.739742690966206             3234
  -4.85689400000000       0.738602328618808             3235
  -4.85765300000000       0.737874717763940             3236
  -4.85895200000000       0.734688827453316             3237
  -4.85900200000000       0.734047516164128             3238
  -4.85968400000000       0.733025986821927             3239
  -4.86066200000000       0.728236987208954             3240
  -4.86164900000000       0.725506800854061             3241
  -4.86256900000000       0.720812459206838             3242
  -4.86257900000000       0.720677899166808             3243
  -4.86317000000000       0.719646398791280             3244
  -4.86409200000000       0.717260649071598             3245
  -4.86462400000000       0.711036434515968             3246
  -4.86462400000000       0.710853652666644             3247
  -4.86490700000000       0.710179554655696             3248
  -4.86541100000000       0.710062418255404             3249
  -4.86594100000000       0.717980677277448             3250
  -4.86621900000000       0.713147850798215             3251
  -4.86680600000000       0.719015276535357             3252
  -4.86604400000000       0.754048811511861             3253
  -4.86686600000000       0.722659684984585             3254
  -4.86705600000000       0.724844489997976             3255
  -4.86753500000000       0.748428812277398             3256
  -4.86798500000000       0.766734733199342             3257
  -4.86879300000000       0.773440728972211             3258
  -4.86919000000000       0.782956952549892             3259
  -4.86960300000000       0.782981171853337             3260
  -4.87047800000000       0.806261409143204             3261
  -4.87042600000000       0.806980779165985             3262
  -4.87077500000000       0.806179566152211             3263
  -4.87135300000000       0.806866372794074             3264
  -4.87150000000000       0.807457042501117             3265
  -4.87150500000000       0.807249297013758             3266
  -4.87166600000000       0.806819998905089             3267
