  -4.45353200000000       0.553896205658299             1661
  -4.80690800000000       0.552127242465836             1662
  -4.95172900000000       0.545234813901525             1663
  -4.96425100000000       0.546371589931433             1664
  -4.96504600000000       0.546795834197061             1665
  -4.96505200000000       0.546967271459685             1666
  -4.97899600000000       0.548480617659404             1667
  -5.01072800000000       0.549558490588609             1668
  -5.03607700000000       0.509270841141319             1669
  -5.04983500000000       0.502699404241882             1670
  -5.07369400000000       0.480232141130575             1671
  -5.08431700000000       0.467157810804621             1672
  -5.08466200000000       0.464226849212327             1673
  -5.08891800000000       0.455759966267039             1674
  -5.09893200000000       0.428787991503614             1675
  -5.10603600000000       0.338965965621524             1676
  -5.10998700000000       0.335675815790606             1677
  -5.11013100000000       0.338428572640857             1678
  -5.11123900000000       0.338974602625370             1679
  -5.11124600000000       0.340896273177229             1680
  -5.11176300000000       0.341846993112292             1681
  -5.11184600000000       0.343046858569206             1682
  -5.11214100000000       0.345385532540457             1683
  -5.11196800000000       0.344259105863588             1684
  -5.11222100000000       0.345567926932051             1685
  -5.11241300000000       0.346193424648100             1686
  -5.11242900000000       0.346401911512140             1687
  -5.11265500000000       0.346712088112444             1688
  -5.11283900000000       0.346783732355434             1689
  -5.11284400000000       0.346845286702622             1690
  -5.11291200000000       0.346850860307500             1691
