  -4.43535700000000       0.753535941283021             1325
  -4.75735000000000       0.748586959908348             1326
  -4.92200500000000       0.739243471191011             1327
  -4.92588300000000       0.740356117101702             1328
  -4.92583900000000       0.740680502734386             1329
  -4.93689800000000       0.740197941747328             1330
  -4.95727000000000       0.738779709096711             1331
  -4.95753200000000       0.738459060791614             1332
  -4.95770200000000       0.738585869219716             1333
  -4.95811600000000       0.738122954143724             1334
  -4.95836100000000       0.737492063955066             1335
  -4.95837300000000       0.737336656349176             1336
  -4.95871200000000       0.736476258413880             1337
  -4.95928600000000       0.734044095590206             1338
  -4.95932500000000       0.732886815729043             1339
  -4.95957500000000       0.732071801577299             1340
  -4.95993600000000       0.730162887574696             1341
  -4.96008800000000       0.726553993550504             1342
  -4.96017900000000       0.727887937480104             1343
  -4.96036500000000       0.726903752567854             1344
  -4.96078700000000       0.724107291312667             1345
