  -4.11806500000000       0.396037457056947              210
  -4.16591300000000       0.400042823653140              211
  -4.21317300000000       0.405525700121458              212
  -4.16430400000000       0.402507763779174              213
  -4.20889700000000       0.402313842018441              214
  -4.21204200000000       0.402236639514354              215
  -4.21268500000000       0.402271994877368              216
  -4.21253900000000       0.401994838662656              217
  -4.17208600000000       0.400792189160199              218
  -4.01661300000000       0.396631902782139              219
  -3.65074300000000       0.394033313581563              220
  -3.55205600000000       0.389575823222730              221
  -3.34277600000000       0.390538185571329              222
  -3.39313200000000       0.390795323766823              223
  -3.40409200000000       0.391755941802774              224
  -3.45581400000000       0.392852514753275              225
  -3.49664200000000       0.395324999785272              226
  -3.59221700000000       0.395532776183333              227
  -3.58674300000000       0.395692836299639              228
  -3.58050300000000       0.395202455906450              229
  -3.55746700000000       0.393905590419869              230
  -3.49880000000000       0.394243846931745              231
  -3.50928100000000       0.394275044211400              232
  -3.50396700000000       0.394322621092336              233
  -3.50205400000000       0.394931167775409              234
  -3.51688400000000       0.394957521254791              235
  -3.51691700000000       0.394960276402442              236
  -3.51698300000000       0.394965656052473              237
  -3.51711600000000       0.394976632529596              238
  -3.51738100000000       0.394998432760508              239
  -3.51790800000000       0.395042103110425              240
  -3.51895800000000       0.395043852143263              241
