  -1.30802100000000       0.672333726085260              428
  -4.23973600000000       0.688855596300034              429
  -4.73305500000000       0.718133550810381              430
  -4.84180600000000       0.709551582654234              431
  -4.89213800000000       0.706454898723264              432
  -4.89548200000000       0.706715440946984              433
  -4.89553200000000       0.706694869439274              434
  -4.89553100000000       0.699856748380310              435
  -4.89747100000000       0.692087575523253              436
  -4.89888300000000       0.676823685881744              437
  -4.90186000000000       0.647499938274740              438
  -4.90367600000000       0.647499994379625              439
