  -4.47053200000000       0.859663602796056             2962
  -4.64211500000000       0.796163603002857             2963
  -4.79673000000000       0.796141457764098             2964
  -4.81076600000000       0.797198876717870             2965
  -4.81146800000000       0.798031444968099             2966
  -4.81137000000000       0.798674262464968             2967
  -4.82150500000000       0.801813444109851             2968
  -4.84120000000000       0.810989457041367             2969
  -4.84234300000000       0.822599248485432             2970
  -4.84730100000000       0.818923160718296             2971
  -4.86066400000000       0.829316970599779             2972
  -4.88102800000000       0.854357310019978             2973
  -4.83742400000000       0.864533043853105             2974
  -4.88298700000000       0.847563417523935             2975
  -4.88309900000000       0.849472357986136             2976
  -4.88542100000000       0.851435061737670             2977
  -4.88964400000000       0.850012477386615             2978
  -4.88992800000000       0.847850211669703             2979
  -4.89153700000000       0.846248295574067             2980
  -4.89164700000000       0.844980711626992             2981
  -4.89229300000000       0.844160046219653             2982
  -4.89231500000000       0.844057291337794             2983
  -4.89263200000000       0.844602546848829             2984
  -4.89337400000000       0.845737473264876             2985
  -4.89398200000000       0.845074444326948             2986
  -4.89426200000000       0.845177741870664             2987
  -4.89501500000000       0.845213106594067             2988
  -4.89623900000000       0.845636655729612             2989
  -4.89716100000000       0.850942372970377             2990
  -4.89802700000000       0.856290053282442             2991
  -4.89861900000000       0.828175130228839             2992
  -4.89917400000000       0.855106673952429             2993
  -4.89985900000000       0.860323920654406             2994
  -4.90151600000000       0.849036812892075             2995
  -4.90192300000000       0.845307813568650             2996
  -4.90229500000000       0.851063074418276             2997
  -4.90328000000000       0.852236036448509             2998
  -4.90450000000000       0.846632311022906             2999
  -4.90515800000000       0.842270183016541             3000
  -4.90616300000000       0.834144827111027             3001
  -4.90824500000000       0.807727850714888             3002
  -4.90890800000000       0.757858402168167             3003
  -4.91331200000000       0.742425806463060             3004
  -4.91593800000000       0.726345824885557             3005
  -4.92211300000000       0.732970889691843             3006
  -4.93204100000000       0.753867116298180             3007
  -4.93303500000000       0.761913498817182             3008
  -4.93309000000000       0.764142331750838             3009
  -4.93372700000000       0.763794862531677             3010
  -4.93396900000000       0.763464755083135             3011
  -4.93422100000000       0.761677244617996             3012
  -4.93482100000000       0.756235677903386             3013
  -4.93519100000000       0.745009656903499             3014
  -4.93540500000000       0.744339120600993             3015
  -4.93599900000000       0.741634848169155             3016
  -4.93694700000000       0.736189937381260             3017
  -4.93840700000000       0.767800606114218             3018
  -4.93640700000000       0.741218879353670             3019
  -4.93873700000000       0.761816411253665             3020
