  -4.32967500000000       0.638390084163436             2317
  -4.59450100000000       0.647340787169658             2318
  -4.79376100000000       0.640796796333900             2319
  -4.79736000000000       0.640345214923400             2320
  -4.79749000000000       0.635237440185874             2321
  -4.81492200000000       0.628282364177872             2322
  -4.83480800000000       0.636322044523511             2323
  -4.83588900000000       0.637907511344936             2324
  -4.83596200000000       0.637044371653595             2325
  -4.83880500000000       0.634083871442583             2326
  -4.84163200000000       0.634592926661912             2327
  -4.84172000000000       0.634294388293744             2328
  -4.84360200000000       0.631675910415152             2329
  -4.84861500000000       0.625517677436336             2330
  -4.85380900000000       0.615194893311164             2331
  -4.85598600000000       0.614258756214192             2332
  -4.85602400000000       0.614406144112360             2333
  -4.85602400000000       0.612711243665658             2334
  -4.85616900000000       0.612047229126825             2335
